timestamp,CPU_ALL:User%,MEM:memtotal,MEM:active,MEM:inactive,NET:eno1-write-KB/s,NET:eno1-read-KB/s
1627609736,0.9,64275.6,4661.0,26422.4,2.1,2.2
1627609737,1.2,64275.6,4660.9,26421.9,1.1,0.8
1627609738,1.3,64275.6,4660.9,26421.9,18.8,2.6
1627609739,1.4,64275.6,4661.0,26423.1,2.4,1.6
1627609740,2.6,64275.6,4661.0,26424.0,16.5,2.5
1627609742,1.0,64275.6,4661.0,26448.9,5.5,20.2
1627609743,0.6,64275.6,4661.0,26449.3,24.7,6.9
1627609744,0.4,64275.6,4661.0,26423.9,1.6,1.1
1627609745,0.5,64275.6,4661.0,26423.6,1.2,0.9
1627609746,0.8,64275.6,4661.0,26423.6,5.2,111.0
1627609747,0.6,64275.6,4661.0,26423.7,1.0,0.7
1627609748,1.2,64275.6,4661.0,26423.6,33.9,4.2
1627609749,1.4,64275.6,4661.0,26423.6,17.7,2.8
1627609750,0.6,64275.6,4661.0,26423.6,16.4,2.7
1627609751,2.3,64275.6,4661.0,26423.2,1.2,0.8
1627609752,0.9,64275.6,4661.0,26423.6,17.5,1.8
1627609753,0.4,64275.6,4661.0,26423.6,2.3,0.9
1627609754,0.7,64275.6,4661.0,26423.6,18.9,4.1
1627609755,0.4,64275.6,4661.0,26423.6,1.7,2.2
1627609756,0.9,64275.6,4661.0,26423.9,7.1,155.6
1627609757,0.6,64275.6,4661.0,26424.2,0.9,0.6
1627609758,0.3,64275.6,4661.0,26423.6,2.4,0.9
1627609759,1.1,64275.6,4661.0,26423.3,1.6,2.2
1627609760,0.3,64275.6,4661.0,26423.6,1.7,2.3
1627609761,2.5,64275.6,4661.0,26423.6,1.0,0.7
1627609762,0.5,64275.6,4661.0,26423.7,1.1,0.8
1627609763,0.4,64275.6,4661.0,26423.7,1.4,1.0
1627609764,0.3,64275.6,4661.0,26423.6,1.1,0.7
1627609765,0.5,64275.6,4661.0,26423.8,11.2,7.0
1627609766,1.1,64275.6,4661.0,26423.6,4.3,56.1
1627609767,0.6,64275.6,4661.0,26423.5,1.2,0.8
1627609768,0.3,64275.6,4661.0,26423.6,2.4,1.1
1627609769,1.3,64275.6,4661.0,26423.8,17.5,2.6
1627609770,1.3,64275.6,4661.0,26423.6,1.0,0.8
1627609771,2.4,64275.6,4661.0,26423.8,16.3,2.6
1627609772,0.7,64275.6,4661.0,26425.1,2.5,1.8
1627609773,0.8,64275.6,4661.0,26437.7,19.4,3.5
1627609774,0.5,64275.6,4661.0,26449.0,2.6,23.4
1627609775,0.4,64275.6,4661.0,26449.0,1.4,0.8
1627609776,0.7,64275.6,4661.0,26424.0,2.7,11.7
1627609777,1.3,64275.6,4661.0,26424.2,51.3,32.5
1627609778,0.9,64275.6,4661.0,26423.4,34.1,4.4
1627609779,2.3,64275.6,4661.0,26423.5,32.7,4.0
1627609780,0.5,64275.6,4661.0,26423.5,1.0,0.8
1627609781,2.1,64275.6,4661.0,26423.4,1.2,0.8
1627609782,1.0,64275.6,4661.0,26423.4,17.4,1.6
1627609783,0.4,64275.6,4661.0,26423.4,2.4,0.9
1627609784,0.9,64275.6,4661.0,26423.4,16.3,2.3
1627609785,0.3,64275.6,4661.0,26423.4,1.7,2.1
1627609786,0.6,64275.6,4661.0,26424.7,4.0,30.6
1627609787,0.6,64275.6,4661.0,26424.6,3.2,0.9
1627609788,0.6,64275.6,4661.0,26449.1,6.3,25.8
1627609789,1.1,64275.6,4661.0,26448.9,3.5,4.2
1627609790,0.3,64275.6,4661.0,26449.1,1.1,0.9
1627609791,1.8,64275.6,4661.0,26449.1,1.4,1.1
1627609792,1.4,64275.6,4661.0,26422.2,1.8,1.6
1627609793,0.4,64275.6,4661.0,26422.2,1.2,1.0
1627609794,0.6,64275.6,4661.0,26423.4,3.7,1.8
1627609795,0.6,64275.6,4661.0,26448.0,3.0,24.0
1627609796,0.4,64275.6,4661.0,26448.2,2.5,11.5
1627609797,0.9,64275.6,4661.0,26448.0,1.5,18.4
1627609798,0.4,64275.6,4661.0,26448.0,2.4,1.0
1627609799,2.1,64275.6,4661.0,26422.2,17.9,2.9
1627609800,1.2,64275.6,4661.0,26422.2,1.4,1.1
1627609801,1.6,64275.6,4661.0,26422.2,16.5,2.7
1627609802,1.3,64275.6,4661.0,26422.0,16.2,2.4
1627609803,0.8,64275.6,4661.0,26422.5,2.4,1.0
1627609804,0.3,64275.6,4661.0,26422.6,1.1,0.7
1627609805,0.4,64275.6,4661.0,26422.6,1.2,1.1
1627609806,0.7,64275.6,4661.1,26422.6,1.9,0.8
1627609807,1.1,64275.6,4661.1,26423.0,2.8,64.0
1627609808,1.1,64275.6,4661.1,26423.0,35.8,6.2
1627609809,1.5,64275.6,4661.1,26422.3,32.8,4.3
1627609810,0.3,64275.6,4661.1,26422.6,0.9,0.7
1627609811,1.0,64275.6,4661.1,26422.6,1.2,0.9
1627609812,2.4,64275.6,4661.1,26422.9,17.6,1.9
1627609813,0.4,64275.6,4661.1,26422.9,2.4,0.9
1627609814,0.4,64275.6,4661.1,26422.6,16.3,2.4
1627609815,0.3,64275.6,4661.1,26422.6,1.7,2.2
1627609816,0.3,64275.6,4661.1,26422.6,2.3,2.1
1627609817,0.6,64275.6,4661.1,26423.1,1.8,11.5
1627609818,0.3,64275.6,4661.1,26422.6,3.1,2.5
1627609819,1.3,64275.6,4661.1,26422.6,1.8,2.4
1627609820,0.3,64275.6,4661.1,26422.6,0.9,0.7
1627609821,0.9,64275.6,4661.1,26422.1,1.0,0.8
1627609822,1.7,64275.6,4661.1,26422.8,1.1,0.9
1627609823,0.3,64275.6,4661.1,26422.6,1.3,1.1
1627609824,0.3,64275.6,4661.1,26422.6,1.2,0.9
1627609825,0.4,64275.6,4661.1,26422.6,1.0,0.8
1627609826,0.3,64275.6,4661.1,26422.6,0.9,0.7
1627609827,1.1,64275.6,4661.1,26422.7,2.3,11.5
1627609828,0.8,64275.6,4661.1,26422.6,2.2,0.9
1627609829,1.3,64275.6,4661.1,26422.4,17.7,3.0
1627609830,1.3,64275.6,4661.1,26422.6,0.9,1.0
1627609831,1.6,64275.6,4661.1,26422.2,16.4,2.7
1627609832,1.5,64275.6,4661.1,26422.7,16.3,2.4
1627609833,0.7,64275.6,4661.1,26422.8,9.5,5.4
1627609834,0.3,64275.6,4661.1,26422.8,1.3,1.0
1627609835,0.4,64275.6,4661.1,26422.8,1.1,0.7
1627609836,0.5,64275.6,4661.1,26422.8,1.2,1.0
1627609837,1.4,64275.6,4661.1,26422.7,18.8,13.4
1627609838,1.4,64275.6,4661.1,26423.7,34.0,4.4
1627609839,1.2,64275.6,4661.1,26423.9,18.7,3.0
1627609840,0.6,64275.6,4661.1,26424.0,3.7,1.9
1627609841,1.3,64275.6,4661.1,26448.5,2.9,23.8
1627609842,2.2,64275.6,4661.1,26448.9,17.5,1.9
1627609843,0.4,64275.6,4661.1,26448.5,2.2,0.8
1627609844,0.9,64275.6,4661.1,26448.5,19.5,5.5
1627609845,0.4,64275.6,4661.1,26423.3,1.4,1.0
1627609846,0.4,64275.6,4661.1,26422.8,1.9,2.2
1627609847,0.7,64275.6,4661.1,26422.8,2.4,11.2
1627609848,0.4,64275.6,4661.1,26423.9,4.4,3.1
1627609849,1.5,64275.6,4661.1,26448.0,5.2,25.9
1627609850,0.4,64275.6,4661.1,26448.4,1.1,0.8
1627609851,1.1,64275.6,4661.1,26449.6,2.7,1.5
1627609852,2.2,64275.6,4661.1,26424.3,4.0,2.1
1627609853,0.6,64275.6,4661.1,26448.5,3.1,24.1
1627609854,0.5,64275.6,4661.1,26449.6,2.4,1.2
1627609855,0.7,64275.6,4661.1,26449.6,12.4,7.7
1627609856,0.5,64275.6,4661.1,26474.1,2.9,24.1
1627609857,0.7,64275.6,4661.1,26474.2,2.7,11.7
1627609858,0.4,64275.6,4661.1,26422.8,2.8,1.7
1627609859,1.9,64275.6,4661.1,26423.0,17.5,2.5
1627609860,1.5,64275.6,4661.1,26434.1,1.0,1.0
1627609861,1.4,64275.6,4661.1,26422.8,16.4,2.5
1627609862,1.2,64275.6,4661.1,26422.8,16.0,2.5
1627609863,0.5,64275.6,4661.1,26422.8,2.4,1.2
1627609864,0.6,64275.6,4661.2,26424.2,3.9,1.9
1627609865,0.9,64275.6,4661.2,26448.7,2.9,24.2
1627609866,1.3,64275.6,4661.2,26448.7,51.9,33.1
1627609867,1.0,64275.6,4661.2,26448.9,18.8,13.3
1627609868,1.2,64275.6,4661.2,26448.8,34.0,4.1
1627609869,1.1,64275.6,4661.2,26448.8,16.8,2.8
1627609870,0.6,64275.6,4661.2,26465.3,1.2,1.1
1627609871,0.9,64275.6,4661.2,26423.7,1.4,1.1
1627609872,2.1,64275.6,4661.2,26423.4,17.2,1.9
1627609873,0.4,64275.6,4661.2,26423.0,2.3,0.8
1627609874,0.8,64275.6,4661.2,26423.0,17.1,4.0
1627609875,0.4,64275.6,4661.2,26423.0,1.0,0.7
1627609876,0.4,64275.6,4661.2,26423.0,1.6,2.0
1627609877,0.7,64275.6,4661.2,26423.2,2.9,11.4
1627609878,0.5,64275.6,4661.2,26423.0,2.9,2.2
1627609879,1.1,64275.6,4661.2,26423.0,1.8,2.4
1627609880,0.8,64275.6,4661.2,26422.7,1.1,0.7
1627609881,0.4,64275.6,4661.2,26423.0,1.1,0.8
1627609882,2.0,64275.6,4661.2,26424.1,2.4,1.6
1627609883,0.7,64275.6,4661.2,26448.7,4.5,24.3
1627609884,0.3,64275.6,4661.2,26448.7,1.1,1.0
1627609885,0.4,64275.6,4661.2,26448.7,1.2,1.0
1627609886,0.2,64275.6,4661.2,26448.7,0.9,0.7
1627609887,0.7,64275.6,4661.2,26423.9,3.0,28.4
1627609888,0.2,64275.6,4661.2,26423.0,2.2,0.7
1627609889,2.0,64275.6,4661.2,26423.1,17.8,2.7
1627609890,2.1,64275.6,4661.2,26422.9,1.1,2.2
1627609891,0.4,64275.6,4661.2,26423.1,16.3,1.3
1627609892,1.6,64275.6,4661.2,26423.4,16.3,2.6
1627609893,0.9,64275.6,4661.2,26423.4,2.5,1.1
1627609894,0.4,64275.6,4661.2,26423.2,3.6,3.4
1627609895,0.4,64275.6,4661.2,26423.2,1.2,1.0
1627609896,0.4,64275.6,4661.2,26424.3,2.3,1.6
1627609897,1.4,64275.6,4661.2,26448.6,21.6,36.1
1627609898,1.4,64275.6,4661.2,26456.1,34.0,4.3
1627609899,1.0,64275.6,4661.2,26423.6,16.6,2.7
1627609900,1.1,64275.6,4661.2,26422.7,1.1,0.9
1627609901,0.4,64275.6,4661.2,26423.3,1.3,1.0
1627609902,2.4,64275.6,4661.2,26423.4,17.8,2.0
1627609903,0.5,64275.6,4661.2,26423.3,2.4,1.2
1627609904,0.5,64275.6,4661.2,26423.3,17.6,5.0
1627609905,0.2,64275.6,4661.2,26423.3,0.9,0.7
1627609906,0.3,64275.6,4661.2,26423.3,1.7,2.2
1627609907,0.7,64275.6,4661.2,26423.7,2.5,11.3
1627609908,0.4,64275.6,4661.2,26437.6,2.9,2.5
1627609909,0.8,64275.6,4661.2,26423.3,1.7,2.2
1627609910,1.2,64275.6,4661.2,26423.2,1.2,0.9
1627609911,0.5,64275.6,4661.2,26423.4,1.7,1.2
1627609912,1.4,64275.6,4661.2,26423.4,1.1,1.0
1627609913,0.5,64275.6,4661.2,26423.3,1.2,1.1
1627609914,0.4,64275.6,4661.2,26423.3,1.3,0.9
1627609915,0.5,64275.6,4661.2,26423.3,1.3,1.3
1627609916,0.3,64275.6,4661.2,26423.3,0.9,0.5
1627609917,1.4,64275.6,4661.2,26423.4,2.5,10.9
1627609918,1.4,64275.6,4661.2,26425.8,20.1,5.2
1627609919,0.8,64275.6,4661.2,26423.3,1.3,1.2
1627609920,2.1,64275.6,4661.2,26423.1,16.3,2.4
1627609921,0.7,64275.6,4661.2,26423.3,1.3,1.0
1627609922,1.0,64275.6,4661.2,26423.8,16.2,2.3
1627609923,0.7,64275.6,4661.3,26423.4,9.7,5.5
1627609924,0.4,64275.6,4661.3,26423.4,1.1,1.0
1627609925,0.4,64275.6,4661.3,26423.5,1.1,1.0
1627609926,0.3,64275.6,4661.3,26423.5,1.4,1.0
1627609927,1.3,64275.6,4661.3,26432.7,18.6,12.5
1627609928,2.1,64275.6,4661.3,26432.3,35.4,7.2
1627609929,1.1,64275.6,4661.3,26423.5,16.4,2.7
1627609930,0.9,64275.6,4661.3,26422.9,1.1,0.8
1627609931,0.4,64275.6,4661.3,26422.9,1.4,1.1
1627609932,1.1,64275.6,4661.3,26424.1,17.3,1.4
1627609933,1.6,64275.6,4661.3,26424.3,3.6,1.6
1627609934,0.7,64275.6,4661.3,26449.0,22.7,28.7
1627609935,0.9,64275.6,4661.3,26449.0,0.9,0.6
1627609936,0.3,64275.6,4661.3,26449.1,1.8,2.4
1627609937,0.6,64275.6,4661.3,26424.1,2.4,1.3
1627609938,1.1,64275.6,4661.3,26423.5,4.3,13.5
1627609939,0.4,64275.6,4661.3,26423.6,1.8,2.1
1627609940,1.2,64275.6,4661.3,26423.0,1.1,1.0
1627609941,0.3,64275.6,4661.3,26423.6,1.1,0.9
1627609942,0.6,64275.6,4661.3,26430.0,1.4,0.9
1627609943,1.8,64275.6,4661.3,26423.6,1.3,1.1
1627609944,0.4,64275.6,4661.3,26423.6,1.2,1.1
1627609945,0.6,64275.6,4661.3,26423.6,11.0,7.2
1627609946,0.3,64275.6,4661.3,26423.6,1.0,0.7
1627609947,0.6,64275.6,4661.3,26430.0,1.4,1.0
1627609948,1.5,64275.6,4661.3,26424.0,20.1,13.3
1627609949,0.7,64275.6,4661.3,26423.6,1.1,0.8
1627609950,1.8,64275.6,4661.3,26423.4,16.3,2.5
1627609951,0.8,64275.6,4661.3,26423.6,1.2,0.8
1627609952,0.6,64275.6,4661.3,26426.2,16.4,2.6
1627609953,1.6,64275.6,4661.3,26424.1,2.4,0.9
1627609954,0.4,64275.6,4661.3,26424.1,1.1,1.0
1627609955,0.4,64275.6,4661.3,26424.1,1.0,0.7
1627609956,0.9,64275.6,4661.3,26424.1,52.1,33.0
1627609957,1.3,64275.6,4661.3,26424.3,17.4,3.8
1627609958,2.2,64275.6,4661.3,26423.8,35.0,13.3
1627609959,0.4,64275.6,4661.3,26424.1,16.4,12.4
1627609960,1.3,64275.6,4661.3,26424.0,1.5,11.6
1627609961,0.9,64275.6,4661.3,26424.9,17.8,17.7
1627609962,0.7,64275.6,4661.3,26425.3,4.1,16.3
1627609963,2.4,64275.6,4661.3,26449.5,19.4,25.3
1627609965,0.4,64275.6,4661.3,26449.8,2.0,2.2
1627609966,0.3,64275.6,4661.3,26424.7,1.3,1.1
1627609967,0.4,64275.6,4661.3,26424.1,1.7,2.3
1627609968,0.4,64275.6,4661.3,26424.3,0.9,0.8
1627609969,1.3,64275.6,4661.3,26424.1,4.4,13.4
1627609970,0.3,64275.6,4661.3,26424.1,1.6,2.1
1627609971,1.5,64275.6,4661.3,26423.7,1.1,0.9
1627609972,0.4,64275.6,4661.3,26424.1,1.5,1.0
1627609973,0.4,64275.6,4661.3,26424.1,1.2,1.2
1627609974,1.5,64275.6,4661.3,26424.1,1.3,1.3
1627609975,0.4,64275.6,4661.3,26424.1,1.1,0.9
1627609976,0.4,64275.6,4661.3,26424.1,1.1,0.8
1627609977,0.3,64275.6,4661.3,26424.1,1.0,0.8
1627609978,0.4,64275.6,4661.3,26424.1,1.2,1.2
1627609979,2.3,64275.6,4661.3,26424.4,20.1,13.6
1627609980,0.6,64275.6,4661.3,26424.1,1.3,1.3
1627609981,2.0,64275.6,4661.3,26424.0,16.4,2.5
1627609982,0.3,64275.6,4661.3,26424.1,1.3,1.0
1627609983,1.1,64275.6,4661.3,26424.4,16.4,2.4
1627609984,1.1,64275.6,4661.3,26423.9,2.5,0.9
1627609985,0.6,64275.6,4661.3,26425.1,3.6,1.5
1627609986,0.3,64275.6,4661.3,26425.1,2.4,0.7
1627609987,1.0,64275.6,4661.3,26449.3,2.9,23.6
1627609988,1.4,64275.6,4661.4,26449.6,33.8,4.7
1627609989,1.7,64275.6,4661.4,26449.6,18.9,13.5
1627609990,0.4,64275.6,4661.4,26449.6,16.5,2.5
1627609991,1.4,64275.6,4661.4,26423.8,1.6,1.1
1627609992,0.8,64275.6,4661.4,26423.8,17.6,1.8
1627609993,0.6,64275.6,4661.4,26423.9,1.2,1.1
1627609994,1.6,64275.6,4661.4,26423.9,17.6,2.7
1627609995,0.4,64275.6,4661.4,26423.9,1.7,2.2
1627609996,0.3,64275.6,4661.4,26423.9,1.6,2.2
1627609997,0.7,64275.6,4661.4,26423.9,0.9,0.6
1627609998,0.5,64275.6,4661.4,26424.1,1.0,0.9
1627609999,1.3,64275.6,4661.4,26424.4,4.3,12.9
1627610000,0.4,64275.6,4661.4,26425.1,2.9,2.5
1627610001,1.2,64275.6,4661.4,26425.1,2.5,1.5
1627610002,0.5,64275.6,4661.4,26449.6,2.9,23.6
1627610003,0.5,64275.6,4661.4,26449.9,1.3,1.0
1627610004,2.0,64275.6,4661.4,26423.9,1.4,1.1
1627610005,0.4,64275.6,4661.4,26423.9,1.2,0.8
1627610006,0.9,64275.6,4661.4,26423.9,0.9,0.5
1627610007,0.8,64275.6,4661.4,26423.9,1.1,0.7
1627610008,0.4,64275.6,4661.4,26424.1,2.3,0.9
1627610009,1.6,64275.6,4661.4,26423.9,18.7,13.2
1627610010,0.8,64275.6,4661.4,26423.9,1.0,0.7
1627610011,2.1,64275.6,4661.4,26423.9,16.4,2.4
1627610012,0.4,64275.6,4661.4,26423.9,1.3,0.9
1627610013,0.9,64275.6,4661.4,26424.1,24.5,6.9
1627610014,1.4,64275.6,4661.4,26424.1,1.4,1.1
1627610015,0.4,64275.6,4661.4,26424.3,1.4,1.0
1627610016,0.5,64275.6,4661.4,26425.3,2.1,0.8
1627610017,0.5,64275.6,4661.4,26425.3,3.3,1.3
1627610018,1.4,64275.6,4661.4,26425.3,34.0,4.7
1627610019,2.4,64275.6,4661.4,26450.1,21.2,60.4
1627610020,0.6,64275.6,4661.4,26450.8,16.6,2.7
1627610021,1.4,64275.6,4661.4,26475.3,5.7,24.5
1627610022,0.8,64275.6,4661.4,26450.0,17.8,2.0
1627610023,0.9,64275.6,4661.4,26450.0,2.4,1.0
1627610024,1.8,64275.6,4661.4,26450.2,18.9,4.2
1627610025,0.5,64275.6,4661.4,26424.6,1.9,2.5
1627610026,0.4,64275.6,4661.4,26424.3,1.7,2.2
1627610027,0.3,64275.6,4661.4,26424.3,1.2,1.2
1627610028,0.4,64275.6,4661.4,26424.5,2.3,1.0
1627610029,1.7,64275.6,4661.4,26424.3,3.6,29.6
1627610030,0.3,64275.6,4661.4,26424.3,1.6,2.0
1627610031,2.0,64275.6,4661.4,26424.4,1.1,1.0
1627610032,0.4,64275.6,4661.4,26424.1,1.6,1.3
1627610033,0.4,64275.6,4661.4,26424.2,1.4,1.3
1627610034,1.2,64275.6,4661.4,26424.3,1.2,0.9
1627610035,1.2,64275.6,4661.4,26424.6,11.2,7.3
1627610036,0.3,64275.6,4661.4,26424.3,0.9,0.9
1627610037,0.4,64275.6,4661.4,26424.3,1.1,1.3
1627610038,0.5,64275.6,4661.4,26424.3,2.4,1.3
1627610039,1.5,64275.6,4661.4,26427.2,18.8,13.3
1627610040,0.4,64275.6,4661.4,26424.0,2.5,56.4
1627610041,2.5,64275.6,4661.4,26424.0,17.9,4.5
1627610042,0.3,64275.6,4661.4,26424.0,1.0,0.7
1627610043,0.6,64275.6,4661.5,26424.3,17.5,2.8
1627610044,0.8,64275.6,4661.5,26424.7,1.1,1.0
1627610045,0.6,64275.6,4661.5,26424.7,1.2,0.9
1627610046,0.6,64275.6,4661.5,26425.3,39.5,24.9
1627610047,0.5,64275.6,4661.5,26424.7,13.2,8.3
1627610048,1.4,64275.6,4661.5,26424.8,34.0,4.1
1627610049,2.3,64275.6,4661.5,26424.8,19.6,3.9
1627610050,0.9,64275.6,4661.5,26424.8,19.3,113.5
1627610051,0.9,64275.6,4661.5,26424.8,1.1,0.8
1627610052,0.9,64275.6,4661.5,26424.8,17.5,1.8
1627610053,0.4,64275.6,4661.5,26424.8,2.3,0.7
1627610054,0.6,64275.6,4661.5,26424.8,16.5,2.6
1627610055,1.9,64275.6,4661.5,26424.8,1.7,2.1
1627610056,0.4,64275.6,4661.5,26424.8,1.7,2.1
1627610057,0.3,64275.6,4661.5,26424.8,1.1,0.8
1627610058,0.6,64275.6,4661.5,26424.8,2.9,2.1
1627610059,1.2,64275.6,4661.5,26424.8,1.8,2.2
1627610060,0.6,64275.6,4661.5,26424.8,6.4,154.3
1627610061,1.1,64275.6,4661.5,26425.0,1.0,0.5
1627610062,0.3,64275.6,4661.5,26425.0,1.2,0.8
1627610063,0.8,64275.6,4661.5,26424.9,1.3,1.0
1627610064,0.5,64275.6,4661.5,26424.8,1.1,0.8
1627610065,1.5,64275.6,4661.5,26424.8,1.2,0.9
1627610066,0.3,64275.6,4661.5,26424.8,1.0,0.7
1627610067,0.4,64275.6,4661.5,26424.8,1.1,0.7
1627610068,0.3,64275.6,4661.5,26424.8,2.4,0.9
1627610069,2.0,64275.6,4661.5,26424.8,17.4,2.4
1627610070,0.6,64275.6,4661.5,26424.8,4.4,56.0
1627610071,2.2,64275.6,4661.5,26424.8,16.2,2.3
1627610072,0.4,64275.6,4661.5,26424.8,16.6,2.5
1627610073,1.1,64275.6,4661.5,26424.6,2.3,0.9
1627610074,0.4,64275.6,4661.5,26424.6,1.1,0.9
1627610075,0.9,64275.6,4661.5,26424.6,1.3,1.0
1627610076,0.5,64275.6,4661.5,26424.6,0.9,0.6
1627610077,0.9,64275.6,4661.5,26424.7,1.0,1.9
1627610078,1.6,64275.6,4661.5,26425.7,33.9,3.0
1627610079,1.8,64275.6,4661.5,26425.8,35.5,4.9
1627610080,0.7,64275.6,4661.5,26450.3,4.3,34.3
1627610081,1.3,64275.6,4661.5,26450.4,0.9,0.5
1627610082,1.0,64275.6,4661.5,26424.6,17.8,1.9
1627610083,0.4,64275.6,4661.5,26424.6,2.5,1.0
1627610084,0.6,64275.6,4661.5,26424.6,16.3,2.7
1627610085,1.4,64275.6,4661.5,26424.6,1.8,2.3
1627610086,0.6,64275.6,4661.5,26424.6,1.8,2.4
1627610087,0.4,64275.6,4661.5,26424.6,1.1,0.9
1627610088,0.4,64275.6,4661.5,26424.6,2.9,2.2
1627610089,1.2,64275.6,4661.5,26424.6,1.7,2.2
1627610090,0.7,64275.6,4661.5,26424.6,2.9,28.8
1627610091,1.0,64275.6,4661.5,26424.6,1.1,0.8
1627610092,0.4,64275.6,4661.5,26424.6,1.8,1.4
1627610093,0.4,64275.6,4661.5,26424.6,1.2,1.0
1627610094,0.6,64275.6,4661.5,26424.6,1.2,0.9
1627610095,1.8,64275.6,4661.5,26424.6,1.3,1.2
1627610096,0.3,64275.6,4661.5,26424.6,0.9,0.5
1627610097,0.4,64275.6,4661.5,26424.6,1.3,1.1
1627610098,0.4,64275.6,4661.5,26424.6,2.2,0.8
1627610099,1.8,64275.6,4661.5,26424.6,17.5,2.7
1627610100,0.7,64275.6,4661.5,26424.6,3.1,29.3
1627610101,2.1,64275.6,4661.5,26424.5,16.4,2.6
1627610102,0.4,64275.6,4661.5,26424.6,16.4,2.5
1627610103,0.8,64275.6,4661.6,26424.9,9.8,5.5
1627610104,0.5,64275.6,4661.6,26424.9,1.1,0.8
1627610105,1.8,64275.6,4661.6,26424.9,1.0,0.7
1627610106,0.3,64275.6,4661.6,26424.9,1.0,0.8
1627610107,0.6,64275.6,4661.6,26425.4,17.5,2.6
1627610108,1.6,64275.6,4661.6,26425.9,36.8,6.0
1627610109,2.6,64275.6,4661.6,26453.2,20.3,48.4
1627610110,1.9,64275.6,4661.6,26450.8,4.3,64.2
1627610111,0.9,64275.6,4661.6,26450.8,1.0,1.0
1627610112,0.9,64275.6,4661.6,26450.8,17.6,1.8
1627610113,0.5,64275.6,4661.6,26426.2,2.6,1.2
1627610114,1.2,64275.6,4661.6,26426.2,22.3,6.7
1627610115,1.7,64275.6,4661.6,26450.7,2.7,23.5
1627610116,0.3,64275.6,4661.6,26450.7,1.8,2.3
1627610117,0.4,64275.6,4661.6,26425.0,1.4,1.1
1627610118,0.3,64275.6,4661.6,26425.0,2.9,2.3
1627610119,1.3,64275.6,4661.6,26425.0,1.7,2.2
1627610120,0.5,64275.6,4661.6,26425.6,2.4,11.5
1627610121,1.3,64275.6,4661.6,26425.0,1.0,0.9
1627610122,0.2,64275.6,4661.6,26425.0,1.1,1.3
1627610123,0.5,64275.6,4661.6,26425.2,1.1,0.9
1627610124,0.5,64275.6,4661.6,26425.1,1.2,1.1
1627610125,1.4,64275.6,4661.6,26425.1,11.3,7.3
1627610126,0.3,64275.6,4661.6,26425.1,1.1,1.0
1627610127,0.4,64275.6,4661.6,26425.1,1.3,1.0
1627610128,0.6,64275.6,4661.6,26425.1,2.2,0.9
1627610129,2.5,64275.6,4661.6,26425.1,17.5,2.3
1627610130,1.1,64275.6,4661.6,26437.5,2.4,11.9
1627610131,2.0,64275.6,4661.6,26426.3,19.0,3.7
1627610132,0.4,64275.6,4661.6,26426.3,16.9,3.2
1627610133,1.0,64275.6,4661.6,26426.8,2.6,1.2
1627610134,0.6,64275.6,4661.6,26451.2,2.6,23.3
1627610135,1.1,64275.6,4661.6,26451.2,1.0,0.8
1627610136,0.6,64275.6,4661.6,26451.2,51.8,32.9
1627610137,1.1,64275.6,4661.6,26451.5,17.4,2.6
1627610138,1.1,64275.6,4661.6,26451.3,33.5,4.1
1627610139,1.3,64275.6,4661.6,26451.3,16.7,2.7
1627610140,1.5,64275.6,4661.6,26441.9,2.6,11.5
1627610141,2.1,64275.6,4661.6,26425.5,1.0,0.7
1627610142,0.9,64275.6,4661.6,26425.5,17.6,1.9
1627610143,0.5,64275.6,4661.6,26425.5,2.3,1.1
1627610144,0.6,64275.6,4661.6,26425.5,17.0,3.9
1627610145,1.4,64275.6,4661.6,26425.5,1.3,1.1
1627610146,0.7,64275.6,4661.6,26425.5,1.7,2.0
1627610147,0.6,64275.6,4661.6,26426.7,3.7,1.7
1627610148,0.6,64275.6,4661.6,26451.2,4.9,24.9
1627610149,1.1,64275.6,4661.6,26451.3,1.8,2.3
1627610150,0.8,64275.6,4661.6,26459.0,1.9,1.0
1627610151,0.8,64275.6,4661.6,26452.1,1.7,11.4
1627610152,0.4,64275.6,4661.6,26425.5,1.9,1.6
1627610153,0.6,64275.6,4661.6,26425.5,1.2,1.2
1627610154,0.8,64275.6,4661.6,26425.6,1.1,0.9
1627610155,1.4,64275.6,4661.6,26425.6,1.2,1.0
1627610156,0.4,64275.6,4661.6,26426.7,2.3,1.6
1627610157,0.7,64275.6,4661.6,26451.2,4.4,24.1
1627610158,0.3,64275.6,4661.6,26451.4,2.3,0.7
1627610159,2.2,64275.6,4661.6,26451.3,17.5,2.5
1627610160,0.9,64275.6,4661.6,26450.7,1.1,0.9
1627610161,1.2,64275.6,4661.6,26425.6,18.2,13.7
1627610162,0.4,64275.6,4661.6,26425.6,16.7,2.9
1627610163,0.6,64275.6,4661.6,26425.3,2.5,1.1
1627610164,0.8,64275.6,4661.6,26425.4,1.1,0.7
1627610165,1.3,64275.6,4661.6,26426.2,1.3,1.2
1627610166,0.5,64275.6,4661.7,26426.4,3.2,0.8
1627610167,0.9,64275.6,4661.7,26451.1,22.3,28.2
1627610168,1.6,64275.6,4661.7,26451.3,33.6,4.2
1627610169,1.6,64275.6,4661.7,26451.8,16.9,2.6
1627610170,0.9,64275.6,4661.7,26424.9,1.2,1.1
1627610171,0.6,64275.6,4661.7,26425.4,2.6,11.5
1627610172,0.9,64275.6,4661.7,26425.4,17.5,1.7
1627610173,0.4,64275.6,4661.7,26425.6,2.2,0.6
1627610174,0.6,64275.6,4661.7,26425.4,18.3,5.7
1627610175,0.7,64275.6,4661.7,26425.4,1.1,0.7
1627610176,1.3,64275.6,4661.7,26426.2,1.8,2.4
1627610177,0.6,64275.6,4661.7,26426.5,3.8,1.5
1627610178,0.6,64275.6,4661.7,26462.6,4.6,24.7
1627610179,1.1,64275.6,4661.7,26451.1,1.8,2.3
1627610180,0.9,64275.6,4661.7,26450.4,1.1,0.9
1627610181,0.6,64275.6,4661.7,26451.1,2.7,11.6
1627610182,0.7,64275.6,4661.7,26425.4,1.4,1.2
1627610183,0.4,64275.6,4661.7,26425.4,1.2,0.9
1627610184,0.6,64275.6,4661.7,26425.4,1.2,0.9
1627610185,0.4,64275.6,4661.7,26425.4,1.1,1.1
1627610186,1.5,64275.6,4661.7,26425.4,1.1,0.8
1627610187,0.3,64275.6,4661.7,26425.4,1.4,1.2
1627610188,1.4,64275.6,4661.7,26445.7,18.4,2.8
1627610189,1.2,64275.6,4661.7,26425.4,1.3,1.0
1627610190,0.9,64275.6,4661.7,26425.1,16.2,2.6
1627610191,1.5,64275.6,4661.7,26425.4,2.7,28.5
1627610192,0.6,64275.6,4661.7,26425.4,16.4,2.6
1627610193,0.9,64275.6,4661.7,26425.7,9.9,5.6
1627610194,0.5,64275.6,4661.7,26425.7,1.2,1.1
1627610195,0.4,64275.6,4661.7,26425.7,1.1,0.8
1627610196,1.1,64275.6,4661.7,26425.7,1.0,0.7
1627610197,1.5,64275.6,4661.7,26426.0,17.6,2.4
1627610198,1.7,64275.6,4661.7,26426.0,33.5,3.9
1627610199,0.6,64275.6,4661.7,26425.6,16.4,2.4
1627610200,1.3,64275.6,4661.7,26425.2,1.1,0.7
1627610201,0.4,64275.6,4661.7,26425.3,2.2,11.5
1627610202,0.9,64275.6,4661.7,26425.7,17.5,1.7
1627610203,0.4,64275.6,4661.7,26426.0,2.3,0.9
1627610204,0.7,64275.6,4661.7,26426.1,19.5,5.5
1627610205,0.4,64275.6,4661.7,26425.7,1.0,0.7
1627610206,1.7,64275.6,4661.7,26426.6,2.8,3.6
1627610207,0.4,64275.6,4661.7,26426.6,2.1,1.5
1627610208,1.2,64275.6,4661.7,26450.8,6.1,25.4
1627610209,0.6,64275.6,4661.7,26451.6,1.7,2.2
1627610210,0.9,64275.6,4661.7,26451.3,1.2,1.2
1627610211,0.6,64275.6,4661.7,26451.7,2.9,12.0
1627610212,0.3,64275.6,4661.7,26451.4,1.2,0.9
1627610213,0.7,64275.6,4661.7,26426.8,2.7,2.0
1627610214,0.9,64275.6,4661.7,26427.2,3.8,1.9
1627610215,0.9,64275.6,4661.7,26426.9,11.0,7.0
1627610216,1.4,64275.6,4661.7,26426.9,1.0,0.7
1627610217,0.2,64275.6,4661.7,26426.9,1.1,0.8
1627610218,1.8,64275.6,4661.7,26427.5,18.8,2.7
1627610219,0.6,64275.6,4661.7,26426.9,1.1,0.8
1627610220,1.1,64275.6,4661.7,26427.8,17.6,3.1
1627610221,1.6,64275.6,4661.7,26428.1,4.1,12.4
1627610222,1.1,64275.6,4661.7,26477.2,19.6,48.2
1627610223,0.3,64275.6,4661.7,26477.8,2.5,1.4
1627610224,0.6,64275.6,4661.7,26451.9,1.4,1.3
1627610225,0.3,64275.6,4661.8,26451.9,1.0,0.9
1627610226,2.3,64275.6,4661.8,26426.5,52.2,33.3
1627610227,0.9,64275.6,4661.8,26426.5,17.5,4.0
1627610228,1.8,64275.6,4661.8,26426.6,34.0,3.4
1627610229,0.6,64275.6,4661.8,26426.1,16.7,2.8
1627610230,1.1,64275.6,4661.8,26426.1,1.3,1.2
1627610231,1.1,64275.6,4661.8,26426.4,19.0,12.4
1627610232,0.6,64275.6,4661.8,26426.2,1.0,0.9
1627610234,0.7,64275.6,4661.8,26426.4,17.4,2.7
1627610235,0.6,64275.6,4661.8,26426.1,1.6,2.3
1627610236,0.4,64275.6,4661.8,26427.2,2.3,1.0
1627610237,1.6,64275.6,4661.8,26427.2,3.3,3.1
1627610238,0.5,64275.6,4661.8,26451.9,2.9,23.5
1627610239,1.2,64275.6,4661.8,26452.0,3.3,2.8
1627610240,0.4,64275.6,4661.8,26452.0,1.6,2.0
1627610241,1.8,64275.6,4661.8,26451.8,0.9,0.8
1627610242,0.5,64275.6,4661.8,26426.5,3.1,11.9
1627610243,0.4,64275.6,4661.8,26426.2,1.5,14.8
1627610244,0.4,64275.6,4661.8,26426.4,1.1,3.9
1627610245,0.6,64275.6,4661.8,26426.2,1.1,17.3
1627610246,0.3,64275.6,4661.8,26426.2,1.0,0.7
1627610247,1.0,64275.6,4661.8,26426.2,1.1,17.4
1627610248,0.3,64275.6,4661.8,26426.2,1.2,0.7
1627610249,2.5,64275.6,4661.8,26425.7,18.9,2.7
1627610250,0.8,64275.6,4661.8,26426.1,1.1,0.9
1627610251,1.1,64275.6,4661.8,26425.9,16.3,2.4
1627610252,1.6,64275.6,4661.8,26426.2,2.9,12.0
1627610253,1.1,64275.6,4661.8,26425.9,16.3,2.4
1627610254,0.4,64275.6,4661.8,26426.0,2.4,0.9
1627610255,0.4,64275.6,4661.8,26426.4,1.1,0.8
1627610256,0.3,64275.6,4661.8,26426.0,1.0,0.8
1627610257,1.1,64275.6,4661.8,26426.0,1.2,0.9
1627610258,1.5,64275.6,4661.8,26426.2,33.9,4.4
1627610259,2.2,64275.6,4661.8,26425.8,17.6,2.7
1627610260,0.6,64275.6,4661.8,26426.0,16.3,2.5
1627610261,0.9,64275.6,4661.8,26426.0,1.0,0.7
1627610262,0.9,64275.6,4661.8,26426.2,18.9,12.6
1627610263,0.7,64275.6,4661.8,26426.0,1.0,0.8
1627610264,0.4,64275.6,4661.8,26426.2,17.4,2.6
1627610265,0.6,64275.6,4661.8,26425.9,1.6,2.0
1627610266,0.7,64275.6,4661.8,26426.0,1.7,2.4
1627610267,1.4,64275.6,4661.8,26426.0,1.2,1.3
1627610268,0.3,64275.6,4661.8,26426.0,1.1,1.1
1627610269,0.9,64275.6,4661.8,26425.6,2.9,2.5
1627610270,0.6,64275.6,4661.8,26426.4,1.7,2.1
1627610271,1.1,64275.6,4661.8,26425.5,1.1,0.8
1627610272,0.4,64275.6,4661.8,26426.0,2.4,1.4
1627610273,0.6,64275.6,4661.8,26426.0,1.9,11.5
1627610274,0.4,64275.6,4661.8,26426.2,1.2,1.0
1627610275,1.0,64275.6,4661.8,26426.0,1.3,0.9
1627610276,0.3,64275.6,4661.8,26426.1,1.0,0.8
1627610277,1.4,64275.6,4661.8,26426.1,1.1,1.0
1627610278,0.4,64275.6,4661.8,26426.1,2.6,1.1
1627610279,1.7,64275.6,4661.8,26426.4,17.3,2.4
1627610280,0.4,64275.6,4661.9,26426.1,1.1,0.8
1627610281,1.1,64275.6,4661.9,26426.0,16.4,2.7
1627610282,1.2,64275.6,4661.9,26426.1,1.1,1.0
1627610283,0.9,64275.6,4661.9,26426.4,26.3,18.2
1627610284,1.2,64275.6,4661.9,26428.2,2.8,23.2
1627610285,1.1,64275.6,4661.9,26426.8,1.6,2.1
1627610286,0.6,64275.6,4661.9,26426.4,1.1,0.8
1627610287,1.8,64275.6,4661.9,26426.4,0.9,0.5
1627610288,1.3,64275.6,4661.9,26426.7,33.9,4.0
1627610289,1.4,64275.6,4661.9,26426.4,17.9,2.8
1627610290,0.6,64275.6,4661.9,26426.6,16.3,2.5
1627610291,1.0,64275.6,4661.9,26426.5,0.9,0.7
1627610292,1.1,64275.6,4661.9,26427.7,18.9,2.6
1627610293,1.7,64275.6,4661.9,26451.8,7.0,35.1
1627610294,0.6,64275.6,4661.9,26452.2,20.3,6.4
1627610295,0.6,64275.6,4661.9,26452.1,1.8,2.3
1627610296,0.4,64275.6,4661.9,26426.4,1.7,2.3
1627610297,0.9,64275.6,4661.9,26427.3,1.2,0.9
1627610298,0.8,64275.6,4661.9,26427.6,4.7,1.8
1627610299,1.8,64275.6,4661.9,26452.2,4.8,26.8
1627610300,0.8,64275.6,4661.9,26452.2,1.7,2.2
1627610301,1.3,64275.6,4661.9,26452.2,1.0,0.7
1627610302,0.4,64275.6,4661.9,26453.3,3.6,1.4
1627610303,0.7,64275.6,4661.9,26461.0,4.7,13.3
1627610304,0.7,64275.6,4661.9,26452.1,3.2,23.6
1627610305,0.5,64275.6,4661.9,26452.4,11.2,7.2
1627610306,1.3,64275.6,4661.9,26452.2,1.1,0.7
1627610307,0.4,64275.6,4661.9,26452.2,1.3,0.8
1627610308,1.5,64275.6,4661.9,26426.6,2.6,1.3
1627610309,2.2,64275.6,4661.9,26426.5,17.4,2.5
1627610310,1.2,64275.6,4661.9,26426.3,1.0,0.8
1627610311,1.1,64275.6,4661.9,26426.2,16.3,2.5
1627610312,1.2,64275.6,4661.9,26426.5,1.2,1.1
1627610313,1.1,64275.6,4661.9,26426.8,19.1,13.5
1627610314,0.4,64275.6,4661.9,26427.1,1.0,0.9
1627610315,0.8,64275.6,4661.9,26426.9,1.1,1.0
1627610316,0.6,64275.6,4661.9,26427.5,41.9,26.6
1627610317,0.4,64275.6,4661.9,26427.1,10.9,7.0
1627610318,2.0,64275.6,4661.9,26426.9,34.0,4.1
1627610319,1.4,64275.6,4661.9,26426.9,32.6,4.1
1627610320,0.9,64275.6,4661.9,26427.1,1.1,1.0
1627610321,1.4,64275.6,4661.9,26427.9,1.1,1.0
1627610322,0.9,64275.6,4661.9,26428.1,19.8,1.9
1627610323,0.7,64275.6,4661.9,26428.1,4.2,36.6
1627610324,0.4,64275.6,4661.9,26428.1,16.1,2.5
1627610325,0.6,64275.6,4661.9,26428.5,1.7,2.5
1627610326,0.4,64275.6,4661.9,26427.3,3.1,2.7
1627610327,0.7,64275.6,4661.9,26426.9,1.0,17.6
1627610328,1.5,64275.6,4661.9,26428.1,4.4,3.4
1627610329,1.5,64275.6,4661.9,26452.7,4.7,41.2
1627610330,0.6,64275.6,4661.9,26453.0,1.0,0.6
1627610331,1.8,64275.6,4661.9,26453.8,3.8,18.2
1627610332,0.6,64275.6,4661.9,26478.3,3.7,24.2
1627610333,0.6,64275.6,4661.9,26453.0,3.2,28.6
1627610334,1.4,64275.6,4661.9,26453.0,1.2,1.1
1627610335,0.4,64275.6,4662.0,26452.8,1.4,1.3
1627610336,0.6,64275.6,4661.9,26427.0,1.2,1.0
1627610337,0.4,64275.6,4661.9,26427.0,1.3,1.0
1627610338,0.9,64275.6,4661.9,26427.0,2.3,0.8
1627610339,2.2,64275.6,4662.0,26427.0,17.4,2.4
1627610340,0.5,64275.6,4662.0,26427.0,1.2,1.0
1627610341,1.1,64275.6,4662.0,26426.8,16.6,2.8
1627610342,1.4,64275.6,4662.0,26427.0,16.5,2.5
1627610343,0.9,64275.6,4662.0,26427.0,5.7,67.3
1627610344,0.7,64275.6,4662.0,26426.8,1.1,0.9
1627610345,0.6,64275.6,4662.0,26426.8,1.1,0.6
1627610346,0.2,64275.6,4662.0,26426.8,1.2,0.8
1627610347,0.7,64275.6,4662.0,26426.9,1.1,2.3
1627610348,1.8,64275.6,4662.0,26426.8,34.3,3.1
1627610349,1.4,64275.6,4662.0,26426.8,32.6,4.3
1627610350,0.5,64275.6,4662.0,26426.8,1.1,0.9
1627610351,2.0,64275.6,4662.0,26426.8,1.2,1.2
1627610352,0.9,64275.6,4662.0,26426.8,17.5,1.7
1627610353,0.7,64275.6,4662.0,26427.3,6.5,111.0
1627610354,0.4,64275.6,4662.0,26426.8,16.0,2.2
1627610355,0.6,64275.6,4662.0,26426.8,1.6,2.1
1627610356,0.4,64275.6,4662.0,26427.7,1.8,2.3
1627610357,0.5,64275.6,4662.0,26427.9,3.8,1.9
1627610358,2.2,64275.6,4662.0,26453.7,7.1,25.9
1627610359,1.4,64275.6,4662.0,26478.2,3.4,24.9
1627610360,0.6,64275.6,4662.0,26478.2,1.1,0.8
1627610361,1.0,64275.6,4662.0,26478.8,1.0,1.0
1627610362,0.4,64275.6,4662.0,26452.9,1.4,1.0
1627610363,0.6,64275.6,4662.0,26426.9,3.0,29.4
1627610364,0.7,64275.6,4662.0,26426.8,4.7,125.1
1627610365,0.6,64275.6,4662.0,26426.6,1.1,0.8
1627610366,0.4,64275.6,4662.0,26426.8,0.9,0.8
1627610367,0.9,64275.6,4662.0,26426.8,1.1,0.9
1627610368,1.4,64275.6,4662.0,26426.8,2.4,1.2
1627610369,1.4,64275.6,4662.0,26426.8,17.3,2.6
1627610370,0.5,64275.6,4662.0,26426.8,1.0,0.9
1627610371,1.4,64275.6,4662.0,26426.6,16.4,2.7
1627610372,1.4,64275.6,4662.0,26426.6,16.5,2.6
1627610373,0.8,64275.6,4662.0,26426.8,10.3,5.6
1627610374,0.6,64275.6,4662.0,26427.1,3.8,55.9
1627610375,0.4,64275.6,4662.0,26427.1,1.0,0.8
1627610376,0.3,64275.6,4662.0,26427.1,1.0,0.7
1627610377,1.1,64275.6,4662.0,26427.4,17.4,2.3
1627610378,1.9,64275.6,4662.0,26427.3,33.7,4.1
1627610379,1.1,64275.6,4662.0,26427.1,16.5,2.7
1627610380,0.5,64275.6,4662.0,26427.5,1.0,0.7
1627610381,1.6,64275.6,4662.0,26427.1,1.3,0.9
1627610382,0.8,64275.6,4662.0,26427.1,17.7,1.8
1627610383,0.3,64275.6,4662.0,26427.1,2.4,1.1
1627610384,1.3,64275.6,4662.0,26428.5,22.0,16.3
1627610385,0.6,64275.6,4662.0,26428.4,2.8,1.8
1627610386,0.6,64275.6,4662.0,26452.8,3.0,24.7
1627610387,0.4,64275.6,4662.0,26452.8,1.1,0.8
1627610388,1.4,64275.6,4662.0,26452.8,3.1,2.4
1627610389,1.0,64275.6,4662.0,26452.9,1.8,2.1
1627610390,0.6,64275.6,4662.0,26434.3,1.1,1.0
1627610391,1.2,64275.6,4662.0,26427.2,1.1,0.7
1627610392,0.4,64275.6,4662.0,26427.1,1.6,1.2
1627610393,0.4,64275.6,4662.0,26427.1,1.2,0.9
1627610394,0.7,64275.6,4662.0,26427.1,2.9,28.8
1627610395,0.5,64275.6,4662.0,26427.2,11.2,7.1
1627610396,0.4,64275.6,4662.0,26427.1,0.9,0.5
1627610397,0.4,64275.6,4662.0,26427.1,1.1,0.8
1627610398,1.6,64275.6,4662.0,26427.1,2.3,0.9
1627610399,1.9,64275.6,4662.0,26427.2,17.3,2.5
1627610400,0.7,64275.6,4662.0,26438.8,1.2,1.1
1627610401,0.9,64275.6,4662.0,26428.0,16.7,2.8
1627610402,1.1,64275.6,4662.1,26428.3,19.1,3.4
1627610403,1.6,64275.6,4662.1,26453.3,3.9,23.7
1627610404,0.5,64275.6,4662.1,26453.6,2.9,29.1
1627610405,0.5,64275.6,4662.0,26427.6,1.3,1.1
1627610406,0.7,64275.6,4662.0,26427.6,51.8,33.1
1627610407,0.7,64275.6,4662.1,26427.8,17.7,2.7
1627610408,2.3,64275.6,4662.1,26427.9,33.9,4.2
1627610409,1.2,64275.6,4662.1,26427.9,17.1,3.5
1627610410,0.8,64275.6,4662.1,26430.4,0.9,0.6
1627610411,1.0,64275.6,4662.1,26427.7,1.2,0.9
1627610412,0.9,64275.6,4662.1,26427.7,17.5,1.8
1627610413,0.3,64275.6,4662.1,26427.7,2.5,1.1
1627610414,0.7,64275.6,4662.1,26427.7,19.3,65.2
1627610415,0.5,64275.6,4662.1,26428.2,1.0,0.7
1627610416,0.3,64275.6,4662.1,26427.7,3.1,4.2
1627610417,0.4,64275.6,4662.1,26427.7,0.9,0.8
1627610418,1.9,64275.6,4662.1,26427.7,3.0,2.5
1627610419,1.1,64275.6,4662.1,26427.7,1.7,2.4
1627610420,1.1,64275.6,4662.1,26427.3,1.1,0.9
1627610421,0.4,64275.6,4662.1,26427.7,1.2,1.0
1627610422,0.2,64275.6,4662.1,26427.7,1.2,0.8
1627610423,0.4,64275.6,4662.1,26427.7,1.3,1.0
1627610424,0.6,64275.6,4662.1,26427.8,2.5,11.8
1627610425,0.6,64275.6,4662.1,26427.8,0.9,0.8
1627610426,0.4,64275.6,4662.1,26427.8,1.0,0.8
1627610427,0.7,64275.6,4662.1,26427.7,1.1,0.9
1627610428,0.6,64275.6,4662.1,26427.7,2.2,0.7
1627610429,2.2,64275.6,4662.1,26428.3,19.9,3.4
1627610430,1.7,64275.6,4662.1,26453.4,2.7,25.1
1627610431,0.4,64275.6,4662.1,26453.4,16.4,1.2
1627610432,1.1,64275.6,4662.1,26453.4,17.9,4.4
1627610433,0.5,64275.6,4662.1,26453.6,2.4,1.0
1627610434,1.0,64275.6,4662.1,26428.1,3.0,12.0
1627610435,0.5,64275.6,4662.1,26428.3,1.1,0.9
1627610436,0.4,64275.6,4662.1,26427.9,1.0,0.8
1627610437,1.4,64275.6,4662.1,26429.4,18.7,3.5
1627610438,1.9,64275.6,4662.1,26460.7,37.0,27.2
1627610439,2.1,64275.6,4662.1,26453.6,16.4,2.5
1627610440,1.1,64275.6,4662.1,26454.0,1.1,0.8
1627610441,0.4,64275.6,4662.1,26453.6,1.0,0.7
1627610442,1.0,64275.6,4662.1,26428.3,17.9,1.8
1627610443,0.4,64275.6,4662.1,26427.9,2.4,1.1
1627610444,0.6,64275.6,4662.1,26427.8,18.2,14.4
1627610445,0.8,64275.6,4662.1,26427.9,1.0,0.9
1627610446,0.3,64275.6,4662.1,26427.9,1.8,2.5
1627610447,0.4,64275.6,4662.1,26427.9,0.9,0.8
1627610448,0.6,64275.6,4662.1,26443.8,3.0,2.3
1627610449,2.0,64275.6,4662.1,26427.9,1.6,2.0
1627610450,1.3,64275.6,4662.1,26427.1,1.0,0.6
1627610451,0.9,64275.6,4662.1,26427.9,1.3,1.0
1627610452,0.4,64275.6,4662.1,26429.0,4.0,1.9
1627610453,0.6,64275.6,4662.1,26429.1,3.0,1.5
1627610454,0.9,64275.6,4662.1,26454.0,3.9,34.0
1627610455,0.6,64275.6,4662.2,26453.6,0.9,0.5
1627610456,0.3,64275.6,4662.2,26453.6,1.0,0.5
1627610457,0.5,64275.6,4662.2,26453.6,1.4,0.9
1627610458,1.3,64275.6,4662.2,26430.1,18.9,2.8
1627610459,1.8,64275.6,4662.2,26427.9,1.1,0.7
1627610460,1.1,64275.6,4662.2,26427.9,16.3,2.3
1627610461,0.4,64275.6,4662.2,26427.9,1.1,0.9
1627610462,1.6,64275.6,4662.2,26427.9,17.9,25.1
1627610463,0.5,64275.6,4662.2,26427.9,9.6,5.6
1627610464,0.6,64275.6,4662.2,26428.1,3.1,11.5
1627610465,0.9,64275.6,4662.2,26428.3,1.5,0.8
1627610466,0.4,64275.6,4662.2,26428.1,1.3,0.8
1627610467,0.9,64275.6,4662.2,26429.4,19.9,3.1
1627610468,2.3,64275.6,4662.2,26462.1,35.7,27.1
1627610469,1.2,64275.6,4662.2,26454.0,16.4,2.4
1627610470,1.3,64275.6,4662.2,26453.7,1.1,0.8
1627610471,0.4,64275.6,4662.2,26454.5,1.4,1.2
1627610472,0.9,64275.6,4662.2,26429.2,18.8,1.9
1627610473,1.0,64275.6,4662.2,26429.3,4.9,1.8
1627610474,0.9,64275.6,4662.2,26454.2,22.5,38.6
1627610475,0.5,64275.6,4662.2,26453.8,1.4,1.0
1627610476,0.4,64275.6,4662.2,26453.8,1.7,2.2
1627610477,0.4,64275.6,4662.2,26453.8,1.1,0.7
1627610478,0.9,64275.6,4662.2,26429.5,4.4,3.2
1627610479,2.2,64275.6,4662.2,26453.6,4.7,25.4
1627610480,1.4,64275.6,4662.2,26453.7,1.0,1.0
1627610481,0.4,64275.6,4662.2,26453.9,1.1,1.0
1627610482,0.4,64275.6,4662.2,26453.9,1.2,0.9
1627610483,0.4,64275.6,4662.2,26428.5,1.6,1.5
1627610484,0.7,64275.6,4662.2,26428.4,2.8,12.1
1627610485,0.6,64275.6,4662.2,26428.4,11.0,7.0
1627610486,0.4,64275.6,4662.2,26428.1,0.9,0.7
1627610487,0.8,64275.6,4662.2,26428.9,1.4,1.3
1627610488,1.4,64275.6,4662.2,26429.2,21.3,3.5
1627610489,1.7,64275.6,4662.2,26453.5,3.1,23.6
1627610490,1.6,64275.6,4662.2,26453.5,16.3,2.3
1627610491,0.3,64275.6,4662.2,26428.1,1.2,0.7
1627610492,1.6,64275.6,4662.2,26428.3,16.6,2.8
1627610493,0.4,64275.6,4662.2,26428.3,2.4,1.0
1627610494,0.5,64275.6,4662.2,26437.7,2.7,11.7
1627610495,0.6,64275.6,4662.2,26428.7,1.8,17.6
1627610496,0.9,64275.6,4662.2,26428.5,51.8,32.8
1627610497,1.3,64275.6,4662.2,26428.5,17.5,3.9
1627610498,1.8,64275.6,4662.2,26428.4,33.8,2.8
1627610499,1.5,64275.6,4662.2,26428.3,16.1,2.4
1627610500,1.1,64275.6,4662.2,26428.4,1.1,1.0
1627610502,0.8,64275.6,4662.2,26428.4,17.5,1.7
1627610503,0.6,64275.6,4662.2,26428.4,1.1,0.9
1627610504,0.4,64275.6,4662.2,26428.4,17.6,2.6
1627610505,0.7,64275.6,4662.2,26428.5,2.8,2.4
1627610506,0.6,64275.6,4662.2,26428.4,1.6,11.3
1627610507,0.4,64275.6,4662.2,26428.4,1.6,2.2
1627610508,0.3,64275.6,4662.2,26428.4,0.9,0.7
1627610509,1.3,64275.6,4662.2,26428.1,2.9,2.2
1627610510,1.5,64275.6,4662.2,26428.4,2.2,3.4
1627610511,1.1,64275.6,4662.2,26428.0,1.2,1.1
1627610512,0.4,64275.6,4662.2,26429.0,1.5,1.2
1627610513,0.7,64275.6,4662.2,26428.3,1.1,0.9
1627610514,0.4,64275.6,4662.2,26428.3,1.1,0.7
1627610515,0.4,64275.6,4662.2,26428.3,1.1,0.7
1627610516,0.7,64275.6,4662.2,26428.3,2.3,11.4
1627610517,0.4,64275.6,4662.2,26428.3,1.0,0.6
1627610518,0.3,64275.6,4662.2,26428.3,1.0,0.7
1627610519,1.3,64275.6,4662.2,26429.1,18.6,2.5
1627610520,1.8,64275.6,4662.3,26428.4,1.1,0.9
1627610521,1.4,64275.6,4662.3,26428.3,16.3,2.5
1627610522,0.3,64275.6,4662.3,26428.4,1.2,1.2
1627610523,1.1,64275.6,4662.3,26428.4,16.5,2.7
1627610524,0.3,64275.6,4662.3,26428.6,2.6,1.4
1627610525,0.8,64275.6,4662.3,26428.7,1.4,1.1
1627610526,0.7,64275.6,4662.3,26429.1,2.8,11.8
1627610527,0.4,64275.6,4662.3,26428.6,1.0,0.8
1627610528,1.2,64275.6,4662.3,26429.0,33.9,4.3
1627610529,2.0,64275.6,4662.3,26428.6,17.8,3.0
1627610530,1.1,64275.6,4662.3,26428.6,16.2,2.5
1627610531,1.6,64275.6,4662.3,26428.6,1.0,1.0
1627610532,0.8,64275.6,4662.3,26428.6,17.8,1.8
1627610533,0.5,64275.6,4662.3,26428.6,1.1,1.1
1627610534,0.7,64275.6,4662.3,26428.6,17.6,2.6
1627610535,0.6,64275.6,4662.3,26428.9,1.8,2.3
1627610536,0.7,64275.6,4662.3,26428.6,3.2,12.9
1627610537,0.4,64275.6,4662.3,26428.6,1.0,0.7
1627610538,0.4,64275.6,4662.3,26429.4,1.3,1.1
1627610539,1.2,64275.6,4662.3,26429.9,5.6,3.2
1627610540,2.1,64275.6,4662.3,26454.3,4.9,26.9
1627610541,1.1,64275.6,4662.3,26454.5,0.9,0.6
1627610542,0.3,64275.6,4662.3,26454.3,1.1,0.9
1627610543,0.3,64275.6,4662.3,26454.3,1.1,1.0
1627610544,0.3,64275.6,4662.3,26428.6,1.6,1.3
1627610545,0.4,64275.6,4662.3,26428.7,1.3,1.2
1627610546,0.6,64275.6,4662.3,26428.4,2.4,11.5
1627610547,0.4,64275.6,4662.3,26429.7,2.3,1.6
1627610548,0.7,64275.6,4662.3,26454.2,5.5,24.0
1627610549,1.9,64275.6,4662.3,26454.7,17.5,2.8
1627610550,1.7,64275.6,4662.3,26454.9,1.1,0.9
1627610551,1.2,64275.6,4662.3,26454.3,16.2,2.4
1627610552,0.3,64275.6,4662.3,26454.3,1.3,0.9
1627610553,2.1,64275.6,4662.3,26428.8,24.9,7.3
1627610554,0.4,64275.6,4662.3,26429.6,1.4,1.2
1627610555,0.6,64275.6,4662.3,26429.8,4.0,2.1
1627610556,0.9,64275.6,4662.3,26454.5,4.2,34.1
1627610557,0.4,64275.6,4662.3,26454.5,1.1,0.5
1627610558,1.6,64275.6,4662.3,26429.1,35.3,6.2
1627610559,1.3,64275.6,4662.3,26428.5,17.5,2.5
1627610560,1.4,64275.6,4662.3,26428.8,16.1,2.4
1627610561,1.6,64275.6,4662.3,26428.8,1.1,0.7
1627610562,0.8,64275.6,4662.3,26428.8,17.6,1.6
1627610563,0.4,64275.6,4662.3,26428.8,2.2,0.6
1627610564,0.4,64275.6,4662.3,26428.8,18.8,3.8
1627610565,0.5,64275.6,4662.3,26428.9,2.2,2.5
1627610566,0.6,64275.6,4662.3,26428.7,3.0,12.9
1627610567,0.7,64275.6,4662.3,26428.8,1.1,0.8
1627610568,0.3,64275.6,4662.3,26428.8,2.2,0.8
1627610569,1.4,64275.6,4662.3,26428.2,1.6,2.1
1627610570,0.5,64275.6,4662.3,26429.6,1.9,2.3
1627610571,2.3,64275.6,4662.4,26430.3,3.8,1.7
1627610572,0.5,64275.6,4662.4,26442.7,3.3,4.4
1627610573,0.4,64275.6,4662.4,26442.3,1.1,0.7
1627610574,0.5,64275.6,4662.4,26443.5,2.3,1.0
1627610575,1.4,64275.6,4662.4,26454.5,14.5,30.9
1627610576,0.7,64275.6,4662.4,26454.4,2.3,11.6
1627610577,0.4,64275.6,4662.4,26454.6,1.2,0.9
1627610578,0.3,64275.6,4662.4,26454.6,2.4,0.9
1627610579,1.4,64275.6,4662.4,26429.5,17.8,2.9
1627610580,0.4,64275.6,4662.4,26428.8,0.9,0.5
1627610581,2.8,64275.6,4662.4,26429.2,16.5,2.8
1627610582,0.3,64275.6,4662.4,26428.8,1.2,0.7
1627610583,1.1,64275.6,4662.4,26429.0,17.6,2.8
1627610584,0.3,64275.6,4662.4,26429.0,1.2,1.1
1627610585,0.4,64275.6,4662.4,26429.0,1.1,0.8
1627610586,1.6,64275.6,4662.4,26429.6,44.1,37.8
1627610587,1.4,64275.6,4662.4,26429.0,10.4,6.7
1627610588,0.8,64275.6,4662.4,26429.5,33.8,4.1
1627610589,1.9,64275.6,4662.4,26429.0,32.8,4.3
1627610590,0.4,64275.6,4662.4,26429.0,0.9,0.5
1627610591,2.3,64275.6,4662.4,26429.0,1.1,0.9
1627610592,1.0,64275.6,4662.4,26429.0,17.6,1.7
1627610593,0.4,64275.6,4662.4,26429.0,2.6,1.1
1627610594,0.4,64275.6,4662.4,26429.0,16.3,2.5
1627610595,0.7,64275.6,4662.4,26429.0,1.7,2.2
1627610596,0.6,64275.6,4662.4,26429.1,3.2,13.2
1627610597,0.3,64275.6,4662.4,26429.1,1.1,0.9
1627610598,0.3,64275.6,4662.4,26429.0,3.3,2.6
1627610599,1.1,64275.6,4662.4,26430.1,2.9,2.4
1627610600,0.4,64275.6,4662.4,26430.2,2.5,1.6
1627610601,2.8,64275.6,4662.4,26455.1,2.6,23.6
1627610602,0.3,64275.6,4662.4,26454.7,1.4,1.4
1627610603,0.4,64275.6,4662.4,26454.7,1.3,1.2
1627610604,0.4,64275.6,4662.4,26454.8,1.5,1.0
1627610605,0.6,64275.6,4662.4,26429.0,1.5,1.2
1627610606,1.1,64275.6,4662.4,26434.2,2.4,10.7
1627610607,0.9,64275.6,4662.4,26429.0,1.7,2.2
1627610608,0.3,64275.6,4662.4,26429.0,2.4,1.0
1627610609,1.8,64275.6,4662.4,26429.0,17.9,2.6
1627610610,0.3,64275.6,4662.4,26429.0,0.9,0.7
1627610611,2.2,64275.6,4662.4,26429.1,16.2,2.3
1627610612,0.4,64275.6,4662.4,26429.1,16.5,2.7
1627610613,1.4,64275.6,4662.4,26429.1,2.4,0.9
1627610614,0.3,64275.6,4662.4,26429.2,1.3,0.9
1627610615,0.5,64275.6,4662.4,26430.3,2.2,0.9
1627610616,0.6,64275.6,4662.4,26430.8,2.8,1.7
1627610617,1.1,64275.6,4662.4,26455.0,20.5,36.2
1627610618,1.1,64275.6,4662.4,26455.1,17.6,3.9
1627610619,1.8,64275.6,4662.4,26429.2,33.2,3.1
1627610620,0.6,64275.6,4662.4,26429.2,1.0,0.6
1627610621,2.8,64275.6,4662.4,26430.1,2.3,1.0
1627610622,0.8,64275.6,4662.4,26430.4,17.6,1.7
1627610623,0.4,64275.6,4662.4,26430.4,3.4,1.0
1627610624,0.4,64275.6,4662.4,26430.4,17.0,3.9
1627610625,0.6,64275.6,4662.4,26430.4,1.1,0.8
1627610626,0.4,64275.6,4662.5,26430.5,1.8,2.3
1627610627,0.6,64275.6,4662.5,26430.4,5.5,38.7
1627610628,0.9,64275.6,4662.5,26430.4,3.2,2.5
1627610629,1.0,64275.6,4662.5,26430.4,1.7,2.1
1627610630,0.4,64275.6,4662.5,26430.4,1.0,0.7
1627610631,2.9,64275.6,4662.5,26430.4,1.3,0.9
1627610632,0.4,64275.6,4662.5,26430.5,1.4,1.0
1627610633,0.4,64275.6,4662.5,26430.4,1.1,0.9
1627610634,0.8,64275.6,4662.5,26430.4,1.2,0.9
1627610635,0.4,64275.6,4662.5,26430.4,1.1,0.8
1627610636,0.4,64275.6,4662.5,26430.7,1.1,0.8
1627610637,0.7,64275.6,4662.5,26429.3,4.0,28.8
1627610638,0.3,64275.6,4662.5,26429.3,2.4,1.1
1627610639,1.4,64275.6,4662.5,26430.4,18.9,3.2
1627610640,0.6,64275.6,4662.5,26454.9,4.0,23.5
1627610641,2.8,64275.6,4662.5,26455.3,16.4,2.4
1627610642,0.4,64275.6,4662.5,26455.0,16.4,2.3
1627610643,1.9,64275.6,4662.5,26455.1,9.9,5.5
1627610644,0.4,64275.6,4662.5,26429.4,1.3,1.0
1627610645,0.9,64275.6,4662.5,26430.4,2.5,1.5
1627610646,0.6,64275.6,4662.5,26439.1,2.5,1.1
1627610647,1.4,64275.6,4662.5,26456.3,24.2,92.8
1627610648,1.4,64275.6,4662.5,26481.1,35.7,27.2
1627610649,1.8,64275.6,4662.5,26455.2,16.6,2.6
1627610650,0.5,64275.6,4662.5,26437.0,1.7,1.3
1627610651,1.4,64275.6,4662.5,26435.9,1.1,0.7
1627610652,1.5,64275.6,4662.5,26430.6,18.8,1.9
1627610653,0.6,64275.6,4662.5,26430.6,3.8,1.8
1627610654,1.1,64275.6,4662.5,26455.2,21.0,28.2
1627610655,0.5,64275.6,4662.5,26455.5,1.1,0.7
1627610656,0.3,64275.6,4662.5,26431.7,2.0,2.7
1627610657,0.9,64275.6,4662.5,26429.5,4.9,110.9
1627610658,0.3,64275.6,4662.5,26429.5,3.0,2.4
1627610659,0.9,64275.6,4662.5,26429.5,1.7,2.1
1627610660,0.7,64275.6,4662.5,26447.5,1.0,0.8
1627610661,2.3,64275.6,4662.5,26431.2,1.2,1.0
1627610662,0.6,64275.6,4662.5,26429.5,1.1,1.0
1627610663,0.4,64275.6,4662.5,26429.5,1.1,1.0
1627610664,0.2,64275.6,4662.5,26429.5,1.9,1.4
1627610665,0.6,64275.6,4662.5,26429.5,11.1,7.2
1627610666,0.2,64275.6,4662.5,26429.5,1.1,0.8
1627610667,1.1,64275.6,4662.5,26429.5,6.6,154.5
1627610668,0.3,64275.6,4662.5,26429.5,2.2,0.7
1627610669,1.6,64275.6,4662.5,26429.9,19.4,4.8
1627610670,0.8,64275.6,4662.5,26439.1,2.3,1.5
1627610671,2.0,64275.6,4662.5,26430.5,17.6,2.6
1627610672,0.6,64275.6,4662.5,26430.7,16.4,2.5
1627610673,1.6,64275.6,4662.5,26430.9,2.5,1.2
1627610674,0.4,64275.6,4662.5,26430.9,1.1,0.8
1627610675,0.4,64275.6,4662.5,26430.9,1.1,0.9
1627610676,1.1,64275.6,4662.5,26430.9,51.9,33.1
1627610677,1.1,64275.6,4662.5,26431.2,20.6,58.1
1627610678,1.5,64275.6,4662.5,26442.9,37.0,9.9
1627610679,1.4,64275.6,4662.5,26443.2,16.4,2.5
1627610680,1.0,64275.6,4662.5,26443.0,1.4,1.0
1627610681,1.8,64275.6,4662.5,26429.7,1.4,1.1
1627610682,1.1,64275.6,4662.5,26429.7,17.5,1.6
1627610683,0.3,64275.6,4662.5,26429.7,2.2,0.9
1627610684,0.4,64275.6,4662.5,26429.7,17.0,4.0
1627610685,0.5,64275.6,4662.5,26429.7,1.2,0.9
1627610686,0.4,64275.6,4662.5,26429.7,1.7,2.2
1627610687,0.7,64275.6,4662.5,26429.7,2.6,11.4
1627610688,0.2,64275.6,4662.5,26429.7,3.0,2.2
1627610689,1.1,64275.6,4662.5,26429.7,1.8,2.1
1627610690,1.3,64275.6,4662.5,26429.9,1.0,0.7
1627610691,0.6,64275.6,4662.5,26429.7,1.0,0.7
1627610692,1.4,64275.6,4662.5,26429.7,1.5,1.1
1627610693,0.4,64275.6,4662.5,26429.7,1.4,1.2
1627610694,0.4,64275.6,4662.5,26429.7,1.2,1.0
1627610695,0.4,64275.6,4662.6,26429.8,1.2,0.8
1627610696,0.3,64275.6,4662.6,26429.8,1.0,0.6
1627610697,1.3,64275.6,4662.6,26429.8,2.9,28.7
1627610698,0.8,64275.6,4662.6,26437.7,2.7,2.5
1627610699,1.2,64275.6,4662.6,26429.8,17.5,1.3
1627610700,1.1,64275.6,4662.6,26429.4,16.1,2.5
1627610701,0.4,64275.6,4662.6,26429.8,1.1,1.0
1627610702,2.1,64275.6,4662.6,26430.1,16.4,2.4
1627610703,1.5,64275.6,4662.6,26429.9,2.4,0.8
1627610704,0.4,64275.6,4662.6,26429.9,1.1,0.8
1627610705,0.4,64275.6,4662.6,26429.9,1.0,0.7
1627610706,0.4,64275.6,4662.6,26430.0,1.3,1.1
1627610707,1.4,64275.6,4662.6,26455.8,23.8,54.9
1627610708,1.6,64275.6,4662.6,26469.9,33.9,4.0
1627610709,0.9,64275.6,4662.6,26430.4,16.6,2.7
1627610710,1.0,64275.6,4662.6,26430.0,1.0,0.6
1627610711,0.4,64275.6,4662.6,26430.0,1.1,0.9
1627610712,2.5,64275.6,4662.6,26430.4,17.4,1.5
1627610713,0.7,64275.6,4662.6,26431.9,6.2,2.1
1627610714,0.8,64275.6,4662.6,26456.8,21.0,29.1
1627610715,0.7,64275.6,4662.6,26481.3,2.8,23.4
1627610716,0.3,64275.6,4662.6,26455.8,1.9,2.5
1627610717,0.7,64275.6,4662.6,26430.4,3.0,28.1
1627610718,0.9,64275.6,4662.6,26450.1,3.9,37.2
1627610719,1.1,64275.6,4662.6,26430.0,1.6,2.1
1627610720,0.9,64275.6,4662.6,26430.0,1.1,0.9
1627610721,1.4,64275.6,4662.6,26430.0,1.2,1.1
1627610722,1.2,64275.6,4662.6,26430.9,1.5,0.9
1627610723,0.5,64275.6,4662.6,26431.1,3.8,1.9
1627610724,0.6,64275.6,4662.6,26455.7,3.0,23.9
1627610725,0.4,64275.6,4662.6,26455.9,1.0,0.6
1627610726,0.7,64275.6,4662.6,26456.8,3.6,1.6
1627610727,1.6,64275.6,4662.6,26469.4,3.8,4.3
1627610728,1.2,64275.6,4662.6,26443.4,19.7,13.4
1627610729,0.3,64275.6,4662.6,26443.6,1.1,0.8
1627610730,1.4,64275.6,4662.6,26443.4,16.3,2.4
1627610731,0.4,64275.6,4662.6,26443.6,1.8,1.1
1627610732,2.1,64275.6,4662.6,26444.5,16.7,2.6
1627610733,1.2,64275.6,4662.6,26445.2,12.6,6.5
1627610734,0.5,64275.6,4662.6,26469.5,2.9,23.7
1627610735,0.4,64275.6,4662.6,26469.6,1.3,0.7
1627610736,0.4,64275.6,4662.6,26470.4,1.2,0.9
1627610737,1.6,64275.6,4662.6,26483.3,21.7,6.6
1627610738,2.6,64275.6,4662.6,26457.4,35.5,15.2
1627610739,0.5,64275.6,4662.6,26457.4,16.6,2.6
1627610740,1.0,64275.6,4662.6,26444.0,1.5,1.2
1627610741,0.4,64275.6,4662.6,26444.0,1.3,1.1
1627610742,2.3,64275.6,4662.6,26443.8,17.5,1.7
1627610743,0.3,64275.6,4662.6,26443.8,2.3,0.8
1627610744,0.9,64275.6,4662.6,26444.6,19.8,5.7
1627610745,0.6,64275.6,4662.6,26445.0,3.7,2.0
1627610746,0.5,64275.6,4662.6,26469.5,3.4,24.8
1627610747,0.4,64275.6,4662.6,26469.6,1.2,0.8
1627610748,1.2,64275.6,4662.7,26469.4,4.3,13.0
1627610749,0.4,64275.6,4662.6,26469.6,1.8,2.2
1627610750,1.1,64275.6,4662.7,26444.3,1.3,1.1
1627610751,0.3,64275.6,4662.7,26443.8,1.0,0.6
1627610752,2.1,64275.6,4662.6,26443.1,1.5,1.1
1627610753,0.4,64275.6,4662.7,26443.8,1.3,1.0
1627610754,0.4,64275.6,4662.7,26443.8,1.1,0.7
1627610756,0.7,64275.6,4662.7,26444.6,12.4,7.8
1627610757,0.7,64275.6,4662.7,26469.5,4.1,23.9
1627610758,0.4,64275.6,4662.7,26469.6,1.1,0.9
1627610759,1.9,64275.6,4662.7,26469.5,20.0,13.3
1627610760,0.7,64275.6,4662.7,26443.9,1.4,1.4
1627610761,1.1,64275.6,4662.7,26443.7,16.4,2.7
1627610762,0.3,64275.6,4662.7,26443.9,1.3,0.9
1627610763,1.8,64275.6,4662.7,26444.0,16.4,2.4
1627610764,1.4,64275.6,4662.7,26444.0,2.4,1.0
1627610765,0.6,64275.6,4662.7,26444.0,1.3,1.1
1627610766,0.4,64275.6,4662.7,26444.0,0.9,0.7
1627610767,0.8,64275.6,4662.7,26444.0,51.9,32.8
1627610768,1.1,64275.6,4662.7,26444.2,33.8,4.1
1627610769,1.7,64275.6,4662.7,26444.1,18.6,13.2
1627610770,0.4,64275.6,4662.7,26445.1,18.1,3.2
1627610771,1.4,64275.6,4662.7,26445.3,3.3,1.4
1627610772,0.8,64275.6,4662.7,26445.2,17.6,1.6
1627610773,2.1,64275.6,4662.7,26445.2,1.0,0.7
1627610774,0.4,64275.6,4662.7,26445.2,17.6,2.6
1627610775,0.5,64275.6,4662.7,26445.2,1.8,2.2
1627610776,0.4,64275.6,4662.7,26445.2,1.7,2.4
1627610777,0.4,64275.6,4662.7,26445.2,1.3,1.1
1627610778,0.7,64275.6,4662.7,26445.2,1.0,0.9
1627610779,1.4,64275.6,4662.7,26469.2,6.2,36.3
1627610780,0.4,64275.6,4662.7,26469.8,1.7,2.4
1627610781,1.3,64275.6,4662.7,26444.3,1.5,1.2
1627610782,0.3,64275.6,4662.7,26444.1,1.3,1.1
1627610783,1.6,64275.6,4662.7,26444.1,1.2,0.9
1627610784,0.4,64275.6,4662.7,26444.1,1.3,1.3
1627610785,0.4,64275.6,4662.7,26444.1,1.1,1.0
1627610786,0.4,64275.6,4662.7,26444.2,1.0,0.8
1627610787,0.3,64275.6,4662.7,26444.1,1.0,0.9
1627610788,0.5,64275.6,4662.7,26444.4,1.1,0.7
1627610789,2.2,64275.6,4662.7,26443.9,20.2,13.3
1627610790,0.2,64275.6,4662.7,26444.1,1.3,0.9
1627610791,1.2,64275.6,4662.7,26443.9,17.7,4.3
1627610792,0.3,64275.6,4662.7,26444.1,1.5,1.0
1627610793,2.0,64275.6,4662.7,26444.2,16.3,2.2
1627610794,1.3,64275.6,4662.7,26444.4,2.4,0.9
1627610795,0.4,64275.6,4662.7,26444.4,1.1,0.8
1627610796,0.4,64275.6,4662.7,26444.7,0.9,0.7
1627610797,0.4,64275.6,4662.7,26444.4,0.9,0.7
1627610798,1.8,64275.6,4662.7,26444.6,33.8,4.4
1627610799,1.4,64275.6,4662.7,26444.8,19.4,30.4
1627610800,0.8,64275.6,4662.7,26444.5,17.6,4.3
1627610801,1.2,64275.6,4662.7,26444.2,1.0,0.7
1627610802,0.6,64275.6,4662.7,26444.2,17.7,1.8
1627610803,1.7,64275.6,4662.7,26444.5,2.3,1.0
1627610804,0.4,64275.6,4662.7,26444.5,16.4,2.7
1627610805,0.4,64275.6,4662.7,26444.5,1.8,2.4
1627610806,0.4,64275.6,4662.7,26444.5,1.6,2.1
1627610807,0.4,64275.6,4662.7,26445.3,1.3,1.3
1627610808,0.9,64275.6,4662.7,26445.7,4.8,1.8
1627610809,2.1,64275.6,4662.8,26495.8,9.4,60.2
1627610810,0.3,64275.6,4662.8,26495.8,1.6,1.9
1627610811,1.1,64275.6,4662.8,26495.3,1.2,0.7
1627610812,0.4,64275.6,4662.8,26495.7,1.6,1.0
1627610813,1.6,64275.6,4662.8,26470.2,1.7,1.1
1627610814,0.7,64275.6,4662.8,26444.8,1.3,1.0
1627610815,0.9,64275.6,4662.8,26444.5,1.2,0.9
1627610816,0.4,64275.6,4662.8,26444.5,1.1,0.8
1627610817,0.4,64275.6,4662.8,26444.5,2.3,1.0
1627610818,0.6,64275.6,4662.8,26444.8,2.3,1.1
1627610819,1.6,64275.6,4662.8,26444.5,19.2,14.2
1627610820,0.7,64275.6,4662.8,26444.5,1.3,1.2
1627610821,1.0,64275.6,4662.8,26443.8,16.3,2.7
1627610822,0.4,64275.6,4662.8,26444.5,1.3,1.1
1627610823,1.2,64275.6,4662.8,26444.9,24.9,7.1
1627610824,1.7,64275.6,4662.8,26444.9,1.1,0.7
1627610825,0.7,64275.6,4662.8,26444.9,1.2,1.0
1627610826,0.3,64275.6,4662.8,26445.1,0.9,0.7
1627610827,0.4,64275.6,4662.8,26444.9,1.0,0.7
1627610828,1.1,64275.6,4662.8,26444.9,33.8,4.2
1627610829,2.3,64275.6,4662.8,26445.0,18.6,14.4
1627610830,0.4,64275.6,4662.8,26445.0,16.5,1.1
1627610831,1.0,64275.6,4662.8,26444.9,1.1,0.9
1627610832,0.9,64275.6,4662.8,26444.9,17.5,1.6
1627610833,0.6,64275.6,4662.8,26444.9,2.4,0.8
1627610834,1.5,64275.6,4662.8,26444.9,18.9,4.4
1627610835,0.7,64275.6,4662.8,26444.9,1.7,2.3
1627610836,0.3,64275.6,4662.8,26444.9,1.8,2.4
1627610837,0.5,64275.6,4662.8,26446.0,2.5,1.1
1627610838,0.8,64275.6,4662.8,26446.5,4.7,3.4
1627610839,1.2,64275.6,4662.8,26470.6,4.1,25.0
1627610840,0.6,64275.6,4662.8,26470.7,1.8,11.7
1627610841,1.4,64275.6,4662.8,26471.8,2.3,1.5
1627610842,0.7,64275.6,4662.8,26496.3,4.3,24.4
1627610843,0.6,64275.6,4662.8,26471.8,2.8,1.7
1627610844,1.8,64275.6,4662.8,26446.1,3.8,2.0
1627610845,0.7,64275.6,4662.8,26470.6,13.1,30.5
1627610846,0.4,64275.6,4662.8,26470.6,1.3,1.1
1627610847,0.4,64275.6,4662.8,26457.0,1.5,1.2
1627610848,0.4,64275.6,4662.8,26457.1,2.3,0.9
1627610849,1.6,64275.6,4662.8,26457.1,18.4,2.6
1627610850,0.8,64275.6,4662.8,26432.0,2.3,12.0
1627610851,1.3,64275.6,4662.8,26431.6,16.1,2.5
1627610852,0.4,64275.6,4662.8,26431.6,16.5,2.6
1627610853,1.1,64275.6,4662.8,26432.0,5.0,1.8
1627610854,2.8,64275.6,4662.8,26456.5,2.9,23.8
1627610855,0.3,64275.6,4662.8,26456.6,1.1,0.7
1627610856,0.6,64275.6,4662.8,26457.2,48.6,30.6
1627610857,0.4,64275.6,4662.8,26466.1,3.8,3.7
1627610858,1.5,64275.6,4662.8,26431.8,35.3,3.2
1627610859,1.8,64275.6,4662.8,26432.1,34.2,4.8
1627610860,0.8,64275.6,4662.8,26456.7,4.0,34.4
1627610861,1.1,64275.6,4662.8,26456.7,1.0,0.7
1627610862,0.9,64275.6,4662.8,26456.7,17.6,1.7
1627610863,1.3,64275.6,4662.8,26457.8,4.9,1.7
1627610864,1.6,64275.6,4662.8,26456.6,18.4,25.7
1627610865,0.4,64275.6,4662.8,26456.6,1.7,2.1
1627610866,0.4,64275.6,4662.8,26456.6,1.6,2.1
1627610867,0.4,64275.6,4662.8,26456.6,0.9,0.5
1627610868,0.6,64275.6,4662.8,26430.9,3.2,2.3
1627610869,1.0,64275.6,4662.8,26431.1,1.6,2.2
1627610870,0.4,64275.6,4662.8,26430.9,2.4,11.7
1627610871,1.4,64275.6,4662.9,26430.9,1.1,0.8
1627610872,0.3,64275.6,4662.8,26430.9,1.5,1.0
1627610873,0.6,64275.6,4662.9,26431.3,1.1,0.8
1627610874,1.4,64275.6,4662.9,26431.3,1.3,1.0
1627610875,0.4,64275.6,4662.9,26430.9,1.2,1.0
1627610876,0.4,64275.6,4662.9,26430.9,0.9,0.7
1627610877,0.4,64275.6,4662.9,26430.9,1.3,1.0
1627610878,1.1,64275.6,4662.9,26431.2,2.2,0.8
1627610879,1.8,64275.6,4662.9,26430.9,17.5,2.7
1627610880,0.6,64275.6,4662.9,26431.0,2.4,11.5
1627610881,2.8,64275.6,4662.9,26431.0,16.1,2.5
1627610882,0.4,64275.6,4662.9,26431.0,16.3,2.3
1627610883,1.0,64275.6,4662.9,26431.2,2.3,1.0
1627610884,2.0,64275.6,4662.9,26431.2,1.4,1.3
1627610885,0.4,64275.6,4662.9,26431.2,1.2,0.8
1627610886,0.4,64275.6,4662.9,26431.2,0.9,0.8
1627610887,1.1,64275.6,4662.9,26432.7,18.7,3.1
1627610888,1.3,64275.6,4662.9,26456.6,37.1,27.3
1627610889,1.2,64275.6,4662.9,26457.3,16.5,2.7
1627610890,0.8,64275.6,4662.9,26457.0,2.3,11.5
1627610891,1.4,64275.6,4662.9,26456.9,1.1,0.7
1627610892,0.8,64275.6,4662.9,26431.6,17.9,1.9
1627610893,0.6,64275.6,4662.9,26431.3,2.4,1.0
1627610894,1.2,64275.6,4662.9,26431.3,17.2,4.1
1627610895,0.4,64275.6,4662.9,26431.3,1.0,1.0
1627610896,0.7,64275.6,4662.9,26431.6,1.7,2.5
1627610897,0.4,64275.6,4662.9,26431.6,1.0,1.1
1627610898,0.7,64275.6,4662.9,26431.3,3.0,2.5
1627610899,1.3,64275.6,4662.9,26431.3,1.7,2.2
1627610900,0.6,64275.6,4662.9,26431.6,2.5,11.5
1627610901,1.1,64275.6,4662.9,26431.3,1.0,0.7
1627610902,0.2,64275.6,4662.9,26431.3,1.1,0.8
1627610903,0.6,64275.6,4662.9,26431.3,1.4,1.2
1627610904,1.8,64275.6,4662.9,26431.3,1.2,0.9
1627610905,0.4,64275.6,4662.9,26431.3,1.2,1.0
1627610906,1.0,64275.6,4662.9,26431.3,0.9,0.7
1627610907,0.4,64275.6,4662.9,26431.3,1.5,1.4
1627610908,0.4,64275.6,4662.9,26431.3,2.4,0.9
1627610909,1.7,64275.6,4662.9,26431.3,17.5,2.6
1627610910,0.9,64275.6,4662.9,26442.7,2.4,11.3
1627610911,1.5,64275.6,4662.9,26431.3,16.2,2.4
1627610912,0.4,64275.6,4662.9,26431.3,16.3,2.5
1627610913,1.0,64275.6,4662.9,26431.6,9.6,5.7
1627610914,2.2,64275.6,4662.9,26431.7,1.4,1.3
1627610915,0.3,64275.6,4662.9,26431.7,1.0,0.8
1627610916,0.4,64275.6,4662.9,26431.7,1.0,0.7
1627610917,0.7,64275.6,4662.9,26431.7,18.8,4.2
1627610918,1.6,64275.6,4662.9,26431.8,33.8,4.3
1627610919,1.1,64275.6,4662.9,26431.5,16.4,2.6
1627610920,0.7,64275.6,4662.9,26445.9,2.4,11.9
1627610921,1.2,64275.6,4662.9,26431.8,0.9,0.7
1627610922,0.9,64275.6,4662.9,26431.8,17.5,1.6
1627610923,0.6,64275.6,4662.9,26431.8,2.4,0.9
1627610924,1.6,64275.6,4662.9,26432.0,20.9,7.3
1627610925,0.3,64275.6,4662.9,26431.8,1.1,0.9
1627610926,0.4,64275.6,4662.9,26431.8,1.8,2.2
1627610927,1.1,64275.6,4662.9,26432.9,3.7,1.7
1627610928,1.3,64275.6,4662.9,26470.6,7.2,27.0
1627610929,1.4,64275.6,4663.0,26483.1,3.2,24.6
1627610930,0.8,64275.6,4663.0,26486.4,2.8,36.0
1627610931,1.7,64275.6,4663.0,26483.2,1.3,0.9
1627610932,0.4,64275.6,4663.0,26483.2,1.5,1.0
1627610933,0.6,64275.6,4663.0,26483.2,1.2,0.9
1627610934,1.1,64275.6,4663.0,26483.2,1.3,0.8
1627610935,1.1,64275.6,4663.0,26483.2,11.6,7.6
1627610936,0.6,64275.6,4663.0,26483.4,1.0,0.8
1627610937,0.4,64275.6,4663.0,26457.5,1.3,1.2
1627610938,0.5,64275.6,4663.0,26457.5,2.3,0.9
1627610939,1.7,64275.6,4663.0,26457.5,17.6,2.5
1627610940,1.1,64275.6,4663.0,26441.2,4.9,30.0
1627610941,0.8,64275.6,4663.0,26457.6,18.1,25.1
1627610942,0.4,64275.6,4663.0,26457.5,16.3,2.2
1627610943,1.3,64275.6,4663.0,26458.0,2.6,1.1
1627610944,1.7,64275.6,4663.0,26458.0,1.2,0.9
1627610945,0.7,64275.6,4663.0,26458.8,2.6,1.2
1627610946,0.9,64275.6,4663.0,26459.1,53.4,33.1
1627610947,1.1,64275.6,4663.0,26434.5,18.3,3.4
1627610948,1.5,64275.6,4663.0,26483.7,39.2,51.3
1627610949,1.8,64275.6,4663.0,26483.7,16.4,2.6
1627610950,1.1,64275.6,4663.0,26483.7,2.0,1.1
1627610951,0.8,64275.6,4663.0,26483.7,3.1,66.8
1627610952,1.1,64275.6,4663.0,26458.5,18.1,2.2
1627610953,0.6,64275.6,4663.0,26458.0,3.5,1.6
1627610954,0.6,64275.6,4663.0,26458.6,17.9,4.6
1627610955,1.8,64275.6,4663.0,26458.6,3.7,1.9
1627610956,0.6,64275.6,4663.0,26483.6,4.1,25.5
1627610957,0.3,64275.6,4663.0,26483.6,1.2,0.9
1627610958,0.6,64275.6,4663.0,26467.6,3.2,2.5
1627610959,0.9,64275.6,4663.0,26458.0,2.1,2.6
1627610960,0.8,64275.6,4663.0,26457.2,1.2,1.1
1627610961,0.9,64275.6,4663.0,26458.0,5.4,110.6
1627610962,0.4,64275.6,4663.0,26458.0,1.3,1.3
1627610963,0.5,64275.6,4663.0,26458.0,1.6,1.5
1627610964,1.0,64275.6,4663.0,26459.2,3.8,1.9
1627610965,1.7,64275.6,4663.0,26483.7,3.0,23.9
1627610966,0.4,64275.6,4663.0,26483.7,1.2,0.8
1627610967,0.4,64275.6,4663.0,26458.7,1.5,1.0
1627610968,0.9,64275.6,4663.0,26471.6,2.3,2.1
1627610969,1.6,64275.6,4663.0,26459.1,18.9,2.0
1627610970,1.1,64275.6,4663.0,26459.4,18.1,3.0
1627610971,1.1,64275.6,4663.0,26484.2,7.8,175.4
1627610972,0.6,64275.6,4663.0,26483.5,16.3,2.4
1627610973,0.8,64275.6,4663.0,26483.5,4.9,3.6
1627610974,1.1,64275.6,4663.0,26483.5,1.3,1.0
1627610975,1.8,64275.6,4663.0,26457.8,1.4,1.1
1627610976,0.4,64275.6,4663.0,26457.8,1.0,1.0
1627610977,0.7,64275.6,4663.0,26457.8,17.5,2.5
1627610978,1.8,64275.6,4663.0,26460.0,33.8,4.0
1627610979,0.8,64275.6,4663.0,26457.8,16.6,2.6
1627610980,1.1,64275.6,4663.0,26457.6,0.9,0.8
1627610981,1.1,64275.6,4663.0,26457.8,4.1,56.0
1627610982,0.9,64275.6,4663.0,26457.8,17.6,1.9
1627610983,0.5,64275.6,4663.0,26458.2,2.7,1.3
1627610984,0.5,64275.6,4663.0,26457.8,17.1,4.2
1627610985,1.4,64275.6,4663.0,26457.8,1.4,0.9
1627610986,0.4,64275.6,4663.0,26457.8,1.8,2.3
1627610987,0.4,64275.6,4663.0,26457.8,1.0,0.7
1627610988,1.4,64275.6,4663.0,26458.1,2.9,2.1
1627610989,0.4,64275.6,4663.0,26457.9,1.7,2.2
1627610990,0.9,64275.6,4663.0,26457.8,1.3,1.1
1627610991,0.9,64275.6,4663.1,26460.1,6.4,12.7
1627610992,0.8,64275.6,4663.1,26484.7,4.6,24.9
1627610993,0.9,64275.6,4663.1,26509.3,4.2,23.9
1627610994,0.4,64275.6,4663.1,26484.2,1.4,1.2
1627610995,1.8,64275.6,4663.1,26483.5,1.0,0.8
1627610996,0.4,64275.6,4663.1,26483.5,1.0,0.8
1627610997,0.3,64275.6,4663.1,26457.9,1.6,1.1
1627610998,1.7,64275.6,4663.1,26458.0,18.7,2.5
1627610999,0.3,64275.6,4663.1,26457.9,1.1,0.7
1627611000,1.0,64275.6,4663.1,26458.0,16.5,2.5
1627611001,1.1,64275.6,4663.1,26458.6,3.9,29.3
1627611002,0.6,64275.6,4663.1,26459.4,16.2,2.2
1627611003,1.5,64275.6,4663.1,26459.8,10.9,5.7
1627611004,1.0,64275.6,4663.1,26459.4,1.2,0.9
1627611005,1.4,64275.6,4663.1,26459.4,1.6,1.1
1627611006,0.7,64275.6,4663.1,26459.4,1.1,0.9
1627611007,0.9,64275.6,4663.1,26459.7,17.7,3.9
1627611008,2.0,64275.6,4663.1,26459.5,33.7,2.8
1627611009,0.6,64275.6,4663.1,26471.8,18.3,6.1
1627611010,1.1,64275.6,4663.1,26471.7,1.0,0.6
1627611011,0.7,64275.6,4663.1,26471.8,3.3,29.6
1627611012,1.1,64275.6,4663.1,26458.2,17.4,1.3
1627611013,0.4,64275.6,4663.1,26458.2,2.2,2.3
1627611014,1.1,64275.6,4663.1,26458.2,19.4,4.2
1627611015,0.9,64275.6,4663.1,26458.2,1.1,1.1
1627611016,0.4,64275.6,4663.1,26458.2,1.6,2.2
1627611017,0.3,64275.6,4663.1,26458.2,0.9,0.7
1627611019,1.6,64275.6,4663.1,26457.9,3.6,3.2
1627611020,0.3,64275.6,4663.1,26458.2,1.8,2.1
1627611021,1.1,64275.6,4663.1,26458.0,1.0,0.7
1627611022,0.7,64275.6,4663.1,26458.2,3.9,62.9
1627611023,0.9,64275.6,4663.1,26458.2,1.5,1.6
1627611024,0.6,64275.6,4663.1,26458.2,1.2,1.3
1627611025,0.4,64275.6,4663.1,26458.2,1.3,1.2
1627611026,1.5,64275.6,4663.1,26458.2,11.2,7.4
1627611027,0.4,64275.6,4663.1,26458.2,1.3,1.0
1627611028,0.4,64275.6,4663.1,26458.2,1.1,0.8
1627611029,1.8,64275.6,4663.1,26458.6,18.7,2.5
1627611030,0.6,64275.6,4663.1,26458.3,1.4,1.1
1627611031,1.3,64275.6,4663.1,26457.8,16.6,2.7
1627611032,0.6,64275.6,4663.1,26458.3,2.5,11.4
1627611033,1.0,64275.6,4663.1,26458.4,16.3,2.5
1627611034,0.9,64275.6,4663.1,26458.3,2.5,1.3
1627611035,1.0,64275.6,4663.1,26458.4,1.1,1.1
1627611036,1.0,64275.6,4663.1,26458.4,1.0,0.9
1627611037,0.9,64275.6,4663.1,26458.7,51.7,32.8
1627611038,1.6,64275.6,4663.1,26459.6,34.2,4.2
1627611039,2.7,64275.6,4663.1,26459.8,19.7,2.7
1627611040,1.3,64275.6,4663.1,26459.8,16.4,2.4
1627611041,1.2,64275.6,4663.1,26459.4,2.3,1.2
1627611042,1.2,64275.6,4663.1,26484.3,20.8,34.9
1627611043,0.6,64275.6,4663.1,26484.2,1.1,0.8
1627611044,0.6,64275.6,4663.1,26458.4,19.6,4.9
1627611045,0.4,64275.6,4663.1,26458.5,1.9,2.5
1627611046,1.7,64275.6,4663.1,26458.5,1.9,2.5
1627611047,0.4,64275.6,4663.1,26458.5,1.0,0.6
1627611048,0.3,64275.6,4663.1,26458.5,1.0,0.7
1627611049,1.2,64275.6,4663.1,26458.3,4.5,4.3
1627611050,0.3,64275.6,4663.1,26458.5,1.6,2.1
1627611051,1.1,64275.6,4663.1,26458.5,1.1,0.8
1627611052,0.6,64275.6,4663.1,26459.0,2.4,11.5
1627611053,0.5,64275.6,4663.1,26458.5,1.7,1.5
1627611054,0.9,64275.6,4663.1,26458.5,1.1,1.0
1627611055,0.3,64275.6,4663.1,26458.5,1.1,1.0
1627611056,1.4,64275.6,4663.1,26458.5,0.9,1.0
1627611057,0.4,64275.6,4663.1,26458.5,1.2,1.2
1627611058,0.3,64275.6,4663.1,26458.5,2.4,1.3
1627611059,1.9,64275.6,4663.1,26458.4,17.8,2.7
1627611060,0.6,64275.6,4663.1,26459.4,3.9,2.0
1627611061,1.4,64275.6,4663.2,26484.3,18.3,25.5
1627611062,0.4,64275.6,4663.2,26484.4,2.2,2.9
1627611063,0.8,64275.6,4663.2,26459.6,18.6,11.9
1627611064,1.5,64275.6,4663.2,26460.5,4.1,1.9
1627611065,0.8,64275.6,4663.2,26484.4,2.8,23.4
1627611066,1.7,64275.6,4663.2,26484.4,1.0,0.6
1627611067,0.5,64275.6,4663.2,26484.6,1.0,0.7
1627611068,0.8,64275.6,4663.2,26459.3,34.0,4.1
1627611069,2.2,64275.6,4663.2,26433.2,17.9,2.7
1627611070,0.4,64275.6,4663.2,26433.0,16.6,2.6
1627611071,1.2,64275.6,4663.2,26434.2,3.6,1.7
1627611072,1.0,64275.6,4663.2,26458.7,20.0,24.5
1627611073,0.8,64275.6,4663.2,26459.8,4.3,11.9
1627611074,0.7,64275.6,4663.2,26434.1,17.8,2.9
1627611075,1.4,64275.6,4663.2,26458.5,4.8,25.6
1627611076,0.8,64275.6,4663.2,26458.7,1.6,2.1
1627611077,0.6,64275.6,4663.2,26433.0,1.4,0.8
1627611078,0.5,64275.6,4663.2,26433.0,2.5,1.1
1627611079,1.7,64275.6,4663.2,26433.0,1.7,2.3
1627611080,0.4,64275.6,4663.2,26433.0,1.6,2.2
1627611081,0.8,64275.6,4663.2,26432.7,1.1,1.0
1627611082,0.9,64275.6,4663.2,26434.1,2.5,1.9
1627611083,0.9,64275.6,4663.2,26458.6,6.3,35.5
1627611084,0.4,64275.6,4663.2,26458.6,1.1,0.6
1627611085,0.4,64275.6,4663.2,26433.3,1.3,1.1
1627611086,0.2,64275.6,4663.2,26433.0,1.2,1.1
1627611087,1.5,64275.6,4663.2,26433.3,1.1,1.0
1627611088,0.4,64275.6,4663.2,26433.0,2.4,1.3
1627611089,2.1,64275.6,4663.2,26433.0,17.6,2.7
1627611090,0.6,64275.6,4663.2,26433.0,1.1,0.8
1627611091,1.3,64275.6,4663.2,26432.5,16.4,2.5
1627611092,0.4,64275.6,4663.2,26432.9,1.2,1.0
1627611093,1.4,64275.6,4663.2,26433.3,26.2,18.0
1627611094,1.0,64275.6,4663.2,26433.2,1.1,1.1
1627611095,0.9,64275.6,4663.2,26433.2,1.5,1.2
1627611096,0.3,64275.6,4663.2,26433.2,1.1,0.8
1627611097,1.0,64275.6,4663.2,26433.1,1.1,1.0
1627611098,1.4,64275.6,4663.2,26433.6,33.9,4.3
1627611099,1.6,64275.6,4663.2,26433.2,32.9,4.4
1627611100,0.4,64275.6,4663.2,26433.2,1.0,1.0
1627611101,1.8,64275.6,4663.2,26433.2,1.0,0.9
1627611102,1.1,64275.6,4663.2,26433.2,17.5,1.8
1627611103,0.7,64275.6,4663.2,26433.7,4.2,28.6
1627611104,0.9,64275.6,4663.2,26433.4,19.1,4.2
1627611105,0.4,64275.6,4663.2,26433.4,1.7,2.2
1627611106,0.3,64275.6,4663.2,26433.2,1.8,2.2
1627611107,1.7,64275.6,4663.2,26433.2,1.2,0.8
1627611108,0.3,64275.6,4663.2,26433.2,3.0,2.2
1627611109,1.2,64275.6,4663.2,26433.3,1.7,2.2
1627611110,0.3,64275.6,4663.2,26433.2,1.0,0.7
1627611111,1.0,64275.6,4663.2,26432.7,1.2,0.7
1627611112,0.4,64275.6,4663.2,26433.4,1.5,0.9
1627611113,0.6,64275.6,4663.2,26433.2,2.8,11.7
